# Timestamp,Type of mobile,MMSI,Latitude,Longitude,Navigational status,ROT,SOG,COG,Heading,IMO,Callsign,Name,Ship type,Cargo type,Width,Length,Type of position fixing device,Draught,Destination,ETA,Data source type,A,B,C,D
05/09/2026 00:00:00,Base Station,2190064,56.716568,11.519052,Unknown value,,,,,Unknown,Unknown,,Undefined,,,,GPS,,Unknown,,AIS,,,,
05/09/2026 00:00:00,Base Station,2194006,55.538917,5.033400,Unknown value,,,,,Unknown,Unknown,,Undefined,,,,Surveyed,,Unknown,,AIS,,,,
05/09/2026 00:00:00,Base Station,2194006,55.538870,5.033200,Unknown value,,,,,Unknown,Unknown,,Undefined,,,,Surveyed,,Unknown,,AIS,,,,
05/09/2026 00:00:00,Base Station,2194005,56.344250,4.272000,Unknown value,,,,,Unknown,Unknown,,Undefined,,,,Surveyed,,Unknown,,AIS,,,,
05/09/2026 00:00:00,Class B,218030430,91.000000,0.000000,Unknown value,,,,,Unknown,DH3438,,Sailing,,7,13,Undefined,,Unknown,,AIS,4,9,4,3
05/09/2026 00:00:00,Class A,636017555,91.000000,0.000000,Unknown value,,,,,9363314,D5LN4,POCHARD S,Cargo,,28,177,GPS,6.6,RU LED,08/09/2026 15:00:00,AIS,155,22,20,8
05/09/2026 00:00:00,Class A,276462000,54.887250,12.573750,Under way using engine,-1.1,8.1,210.8,215,Unknown,Unknown,,Undefined,,,,Undefined,,Unknown,,AIS,,,,
05/09/2026 00:00:00,Class B,219008783,57.592782,9.961030,Unknown value,,0.0,196.5,,Unknown,Unknown,,Undefined,,,,Undefined,,Unknown,,AIS,,,,
05/09/2026 00:00:00,Class B,265069150,57.691777,11.900717,Unknown value,,0.1,,,Unknown,Unknown,,Undefined,,,,Undefined,,Unknown,,AIS,,,,
05/09/2026 00:00:00,Class B,218061220,91.000000,0.000000,Unknown value,,,,,Unknown,Unknown,MOANA,Undefined,,,,Undefined,,Unknown,,AIS,,,,
05/09/2026 00:00:00,Class A,211180710,54.821595,9.653603,Moored,11.4,,,350,Unknown,Unknown,,Undefined,,,,Undefined,,Unknown,,AIS,,,,
05/09/2026 00:00:00,Base Station,2579999,91.000000,0.000000,Unknown value,,,,,Unknown,Unknown,,Undefined,,,,GPS,,Unknown,,AIS,,,,
05/09/2026 00:00:00,Class A,265012140,57.426992,10.565692,Under way using engine,0.0,6.6,131.4,134,Unknown,Unknown,,Undefined,,,,Undefined,,Unknown,,AIS,,,,
05/09/2026 00:00:00,Class A,256656000,57.357662,8.635590,Under way using engine,0.0,9.1,217.1,221,Unknown,Unknown,,Undefined,,,,Undefined,,Unknown,,AIS,,,,
05/09/2026 00:00:00,Class A,256656000,57.357662,8.635590,Under way using engine,0.0,9.1,217.1,221,Unknown,Unknown,,Undefined,,,,Undefined,,Unknown,,AIS,,,,
05/09/2026 00:00:00,Class A,265610040,55.841722,12.746965,Under way using engine,0.0,9.6,2.0,3,Unknown,Unknown,,Undefined,,,,Undefined,,Unknown,,AIS,,,,
05/09/2026 00:00:00,Class A,256656000,57.357662,8.635590,Under way using engine,0.0,9.1,217.1,221,Unknown,Unknown,,Undefined,,,,Undefined,,Unknown,,AIS,,,,
05/09/2026 00:00:00,Class A,265610040,55.841722,12.746965,Under way using engine,0.0,9.6,2.0,3,Unknown,Unknown,,Undefined,,,,Undefined,,Unknown,,AIS,,,,
05/09/2026 00:00:00,Class A,228432600,54.650367,10.871483,Under way using engine,0.7,12.4,299.0,299,Unknown,Unknown,,Undefined,,,,Undefined,,Unknown,,AIS,,,,
05/09/2026 00:00:00,AtoN,992651095,57.883493,12.032848,Unknown value,,,,,Unknown,Unknown,MISSING,Undefined,,,,Undefined,,Unknown,,AIS,,,,
05/09/2026 00:00:00,Class A,228432600,54.650367,10.871483,Under way using engine,0.7,12.4,299.0,299,Unknown,Unknown,,Undefined,,,,Undefined,,Unknown,,AIS,,,,
05/09/2026 00:00:00,AtoN,992651095,57.883493,12.032848,Unknown value,,,,,Unknown,Unknown,MISSING,Undefined,,,,Undefined,,Unknown,,AIS,,,,
05/09/2026 00:00:00,AtoN,992651095,57.883493,12.032848,Unknown value,,,,,Unknown,Unknown,MISSING,Undefined,,,,Undefined,,Unknown,,AIS,,,,
05/09/2026 00:00:01,Class A,231894000,91.000000,0.000000,Unknown value,,,,,9409273,OZ2217,FURE SPEAR,Tanker,,23,144,GPS,8.4,SE GOT,04/09/2026 05:00:00,AIS,113,31,8,15
05/09/2026 00:00:02,Class A,255739000,91.000000,0.000000,Unknown value,,,,,9881304,CQKI,AUTO ACHIEVE,Cargo,,28,169,GPS,7.4,SEMMA,05/09/2026 10:00:00,AIS,34,135,17,11
05/09/2026 00:00:02,Class A,255739000,91.000000,0.000000,Unknown value,,,,,9881304,CQKI,AUTO ACHIEVE,Cargo,,28,169,GPS,7.4,SEMMA,05/09/2026 10:00:00,AIS,34,135,17,11
05/09/2026 00:00:02,Class A,258933000,57.293510,8.041805,Under way using engine,0.0,9.9,239.3,242,9734848,LAXS7,YARA NAUMA,Tanker,Category OS,26,160,GPS,6.9,SESTE>DEBRB,05/09/2026 18:00:00,AIS,126,34,25,1
05/09/2026 00:00:03,Class A,219022047,55.462078,8.443650,Under way using engine,0.0,0.1,325.2,226,Unknown,Unknown,,Undefined,,,,Undefined,,Unknown,,AIS,,,,
05/09/2026 00:00:03,Class A,220043000,57.593377,9.962218,Engaged in fishing,,,,,Unknown,Unknown,,Undefined,,,,Undefined,,Unknown,,AIS,,,,
05/09/2026 00:00:03,Class A,220043000,57.593377,9.962218,Engaged in fishing,,,,,Unknown,Unknown,,Undefined,,,,Undefined,,Unknown,,AIS,,,,
05/09/2026 00:00:03,Class A,255805567,91.000000,0.000000,Unknown value,,,,,1045265,CQSY,NORTHERN PURPOSE,Tanker,No additional information,22,130,Combined GPS/GLONASS,6.5,DKSKA,01/08/2027 23:00:00,AIS,103,27,11,11
05/09/2026 00:00:06,Class A,255739000,57.826935,11.279975,Under way using engine,6.4,15.9,154.9,156,9881304,CQKI,AUTO ACHIEVE,Cargo,,28,169,GPS,7.4,SEMMA,05/09/2026 10:00:00,AIS,34,135,17,11
05/09/2026 00:00:07,Class A,273393370,91.000000,0.000000,Unknown value,,,,,9804227,UBPZ,LINDA,Tanker,,17,141,GPS,4.2,TR GEB,25/09/2026 01:00:00,AIS,123,18,9,8
05/09/2026 00:00:07,Class A,244678000,55.674220,11.017937,At anchor,10.0,0.1,225.1,303,Unknown,Unknown,,Undefined,,,,Undefined,,Unknown,,AIS,,,,
05/09/2026 00:00:07,Class A,273393370,56.143127,12.504473,Under way using engine,3.6,3.5,314.4,312,9804227,UBPZ,LINDA,Tanker,,17,141,GPS,4.2,TR GEB,25/09/2026 01:00:00,AIS,123,18,9,8
05/09/2026 00:00:08,Class A,255916087,55.556675,9.762647,Moored,0.0,0.0,155.4,300,Unknown,Unknown,,Undefined,,,,Undefined,,Unknown,,AIS,,,,
05/09/2026 00:00:08,Class A,255916087,55.556675,9.762647,Moored,0.0,0.0,155.4,300,Unknown,Unknown,,Undefined,,,,Undefined,,Unknown,,AIS,,,,
05/09/2026 00:00:09,Class A,241779000,57.972083,9.600592,Under way using engine,-0.0,13.7,69.3,68,Unknown,Unknown,,Undefined,,,,Undefined,,Unknown,,AIS,,,,
05/09/2026 00:00:09,Class A,219032675,56.958805,8.364810,Unknown value,0.0,,,310,Unknown,Unknown,,Undefined,,,,Undefined,,Unknown,,AIS,,,,
05/09/2026 00:00:09,Class A,241779000,57.972105,9.600705,Under way using engine,-0.0,13.7,69.3,68,Unknown,Unknown,,Undefined,,,,Undefined,,Unknown,,AIS,,,,
05/09/2026 00:00:09,Class A,241779000,57.972105,9.600705,Under way using engine,-0.0,13.7,69.3,68,Unknown,Unknown,,Undefined,,,,Undefined,,Unknown,,AIS,,,,
05/09/2026 00:00:25,Class A,563259900,58.197953,11.224787,At anchor,4.5,0.3,189.3,235,Unknown,Unknown,,Undefined,,,,Undefined,,Unknown,,AIS,,,,
05/09/2026 00:00:48,Class A,563259900,58.197953,11.224787,At anchor,4.5,0.3,189.3,235,9833656,9VDO6,NAVIG8 GRACE,Tanker,,32,183,GPS,7.6,SEBRO,04/09/2026 13:00:00,AIS,147,36,9,23
05/09/2026 00:01:24,AtoN,992651019,56.653920,12.853812,Unknown value,,,,,Unknown,Unknown,"DEEP 8,1",Undefined,,,,Undefined,,Unknown,,AIS,,,,
05/09/2026 00:01:24,AtoN,992651019,56.653920,12.853812,Unknown value,,,,,Unknown,Unknown,"DEEP 8,1",Undefined,,,,Undefined,,Unknown,,AIS,,,,
05/09/2026 00:01:24,AtoN,992651019,56.653920,12.853812,Unknown value,,,,,Unknown,Unknown,"DEEP 8,1",Undefined,,,,Undefined,,Unknown,,AIS,,,,
05/09/2026 00:01:24,AtoN,992651019,56.653920,12.853812,Unknown value,,,,,Unknown,Unknown,"DEEP 8,1",Undefined,,,,Undefined,,Unknown,,AIS,,,,
05/09/2026 00:01:33,AtoN,992651098,56.888013,12.473127,Unknown value,,,,,Unknown,Unknown,"SHALLOW POINT - 6,4M",Undefined,,,,Undefined,,Unknown,,AIS,,,,
05/09/2026 00:01:33,AtoN,992651098,56.888013,12.473127,Unknown value,,,,,Unknown,Unknown,"SHALLOW POINT - 6,4M",Undefined,,,,Undefined,,Unknown,,AIS,,,,
05/09/2026 00:02:03,Class A,244678000,55.674220,11.017937,At anchor,10.0,0.1,225.1,303,9393345,PBLW,THUN GARLAND,Tanker,,15,116,GPS,5.0,DK KAL PEC 321,04/09/2026 15:00:00,AIS,105,11,14,1
05/09/2026 00:02:51,Class A,219022047,55.462077,8.443652,Under way using engine,0.0,0.1,359.4,225,Unknown,Unknown,,Undefined,,,,Undefined,,Unknown,,AIS,,,,
05/09/2026 00:03:07,Class A,244678000,55.674738,11.018148,At anchor,-14.5,0.5,17.2,283,9393345,PBLW,THUN GARLAND,Tanker,,15,116,GPS,5.0,DK KAL PEC 321,04/09/2026 15:00:00,AIS,105,11,14,1
05/09/2026 00:03:08,Class A,255916087,55.556685,9.762617,Moored,0.0,0.0,155.4,300,Unknown,Unknown,,Undefined,,,,Undefined,,Unknown,,AIS,,,,
05/09/2026 00:03:08,Class A,255916087,55.556685,9.762617,Moored,0.0,0.0,155.4,300,Unknown,Unknown,,Undefined,,,,Undefined,,Unknown,,AIS,,,,
05/09/2026 00:05:08,Class A,219022047,55.462077,8.443643,Under way using engine,0.0,0.1,254.3,225,8661020,OUBJ2,FONIKS SUPPORTER,Tanker,No additional information,9,25,GPS,2.0,ESBJERG,24/03/2027 14:00:00,AIS,17,8,5,4
05/09/2026 00:05:12,Class A,255916087,55.556685,9.762617,Moored,0.0,0.0,155.4,300,1025411,CQ2516,CAPTAIN M.KYRIAKOU,Tanker,No additional information,23,150,GPS,6.2,DKFRC,04/09/2026 09:00:00,AIS,123,27,2,21
05/09/2026 00:06:08,Class A,255916087,55.556665,9.762645,Moored,0.0,0.0,155.4,300,1025411,CQ2516,CAPTAIN M.KYRIAKOU,Tanker,No additional information,23,150,GPS,6.2,DKFRC,04/09/2026 09:00:00,AIS,123,27,2,21
05/09/2026 00:06:08,Class A,255916087,55.556665,9.762645,Moored,0.0,0.0,155.4,300,1025411,CQ2516,CAPTAIN M.KYRIAKOU,Tanker,No additional information,23,150,GPS,6.2,DKFRC,04/09/2026 09:00:00,AIS,123,27,2,21
05/09/2026 00:06:09,Class A,244678000,55.674808,11.018022,At anchor,0.4,0.5,203.6,251,9393345,PBLW,THUN GARLAND,Tanker,,15,116,GPS,5.0,DK KAL PEC 321,04/09/2026 15:00:00,AIS,105,11,14,1
05/09/2026 00:06:09,Class A,244678000,55.674808,11.018022,At anchor,0.4,0.5,203.6,251,9393345,PBLW,THUN GARLAND,Tanker,,15,116,GPS,5.0,DK KAL PEC 321,04/09/2026 15:00:00,AIS,105,11,14,1
05/09/2026 00:07:31,Class A,219022047,55.462078,8.443650,Under way using engine,0.0,0.1,62.5,228,8661020,OUBJ2,FONIKS SUPPORTER,Tanker,No additional information,9,25,GPS,2.0,ESBJERG,24/03/2027 14:00:00,AIS,17,8,5,4
05/09/2026 00:09:08,Class A,255916087,55.556657,9.762657,Moored,0.0,0.0,155.4,300,1025411,CQ2516,CAPTAIN M.KYRIAKOU,Tanker,No additional information,23,150,GPS,6.2,DKFRC,04/09/2026 09:00:00,AIS,123,27,2,21
05/09/2026 00:10:02,Class A,219022047,55.462078,8.443653,Under way using engine,0.0,0.0,4.0,227,8661020,OUBJ2,FONIKS SUPPORTER,Tanker,No additional information,9,25,GPS,2.0,ESBJERG,24/03/2027 14:00:00,AIS,17,8,5,4
05/09/2026 00:11:12,Class A,255916087,55.556657,9.762657,Moored,0.0,0.0,155.4,300,1025411,CQ2516,CAPTAIN M.KYRIAKOU,Tanker,No additional information,23,150,GPS,6.2,DKFRC,04/09/2026 09:00:00,AIS,123,27,2,21
05/09/2026 00:12:08,Class A,255916087,55.556643,9.762652,Moored,0.0,0.0,155.4,300,1025411,CQ2516,CAPTAIN M.KYRIAKOU,Tanker,No additional information,23,150,GPS,6.2,DKFRC,04/09/2026 09:00:00,AIS,123,27,2,21
05/09/2026 00:12:08,Class A,255916087,55.556643,9.762652,Moored,0.0,0.0,155.4,300,1025411,CQ2516,CAPTAIN M.KYRIAKOU,Tanker,No additional information,23,150,GPS,6.2,DKFRC,04/09/2026 09:00:00,AIS,123,27,2,21
05/09/2026 00:12:09,Class A,244678000,55.674450,11.018010,At anchor,-11.4,0.7,18.3,301,9393345,PBLW,THUN GARLAND,Tanker,,15,116,GPS,5.0,DK KAL PEC 321,04/09/2026 15:00:00,AIS,105,11,14,1
05/09/2026 00:12:09,Class A,244678000,55.674450,11.018010,At anchor,-11.4,0.7,18.3,301,9393345,PBLW,THUN GARLAND,Tanker,,15,116,GPS,5.0,DK KAL PEC 321,04/09/2026 15:00:00,AIS,105,11,14,1
05/09/2026 00:12:41,Class A,219022047,55.462078,8.443655,Under way using engine,0.0,0.1,200.3,228,8661020,OUBJ2,FONIKS SUPPORTER,Tanker,No additional information,9,25,GPS,2.0,ESBJERG,24/03/2027 14:00:00,AIS,17,8,5,4
05/09/2026 00:14:03,Class A,244678000,55.674450,11.018010,At anchor,-11.4,0.7,18.3,301,9393345,PBLW,THUN GARLAND,Tanker,,15,116,GPS,5.0,DK KAL PEC 321,04/09/2026 15:00:00,AIS,105,11,14,1
05/09/2026 00:14:53,Class A,219022047,55.462080,8.443657,Under way using engine,0.0,0.2,346.4,230,8661020,OUBJ2,FONIKS SUPPORTER,Tanker,No additional information,9,25,GPS,2.0,ESBJERG,24/03/2027 14:00:00,AIS,17,8,5,4
05/09/2026 00:15:07,Class A,244678000,55.674917,11.018167,At anchor,-14.5,0.2,331.8,258,9393345,PBLW,THUN GARLAND,Tanker,,15,116,GPS,5.0,DK KAL PEC 321,04/09/2026 15:00:00,AIS,105,11,14,1
05/09/2026 00:15:07,Class A,244678000,55.674917,11.018167,At anchor,-14.5,0.2,331.8,258,9393345,PBLW,THUN GARLAND,Tanker,,15,116,GPS,5.0,DK KAL PEC 321,04/09/2026 15:00:00,AIS,105,11,14,1
05/09/2026 00:15:07,Class A,244678000,55.674917,11.018167,At anchor,-14.5,0.2,331.8,258,9393345,PBLW,THUN GARLAND,Tanker,,15,116,GPS,5.0,DK KAL PEC 321,04/09/2026 15:00:00,AIS,105,11,14,1
05/09/2026 00:15:08,Class A,255916087,55.556680,9.762673,Moored,0.0,0.0,155.4,300,1025411,CQ2516,CAPTAIN M.KYRIAKOU,Tanker,No additional information,23,150,GPS,6.2,DKFRC,04/09/2026 09:00:00,AIS,123,27,2,21
05/09/2026 00:15:08,Class A,255916087,55.556680,9.762673,Moored,0.0,0.0,155.4,300,1025411,CQ2516,CAPTAIN M.KYRIAKOU,Tanker,No additional information,23,150,GPS,6.2,DKFRC,04/09/2026 09:00:00,AIS,123,27,2,21
05/09/2026 00:15:23,Class A,563259900,58.198812,11.223812,At anchor,-6.4,0.3,355.3,204,9833656,9VDO6,NAVIG8 GRACE,Tanker,,32,183,GPS,7.6,SEBRO,04/09/2026 13:00:00,AIS,147,36,9,23
05/09/2026 00:17:03,Class A,219022047,55.462080,8.443660,Under way using engine,0.0,0.1,147.8,226,8661020,OUBJ2,FONIKS SUPPORTER,Tanker,No additional information,9,25,GPS,2.0,ESBJERG,24/03/2027 14:00:00,AIS,17,8,5,4
05/09/2026 00:17:12,Class A,255916087,55.556680,9.762673,Moored,0.0,0.0,155.4,300,1025411,CQ2516,CAPTAIN M.KYRIAKOU,Tanker,No additional information,23,150,GPS,6.2,DKFRC,04/09/2026 09:00:00,AIS,123,27,2,21
05/09/2026 00:17:12,Class A,255916087,55.556680,9.762673,Moored,0.0,0.0,155.4,300,1025411,CQ2516,CAPTAIN M.KYRIAKOU,Tanker,No additional information,23,150,GPS,6.2,DKFRC,04/09/2026 09:00:00,AIS,123,27,2,21
05/09/2026 00:18:08,Class A,255916087,55.556668,9.762652,Moored,0.0,0.0,155.4,300,1025411,CQ2516,CAPTAIN M.KYRIAKOU,Tanker,No additional information,23,150,GPS,6.2,DKFRC,04/09/2026 09:00:00,AIS,123,27,2,21
05/09/2026 00:18:10,Class A,244678000,55.674370,11.017858,At anchor,16.1,0.7,186.6,270,9393345,PBLW,THUN GARLAND,Tanker,,15,116,GPS,5.0,DK KAL PEC 321,04/09/2026 15:00:00,AIS,105,11,14,1
05/09/2026 00:18:10,Class A,244678000,55.674370,11.017858,At anchor,16.1,0.7,186.6,270,9393345,PBLW,THUN GARLAND,Tanker,,15,116,GPS,5.0,DK KAL PEC 321,04/09/2026 15:00:00,AIS,105,11,14,1
05/09/2026 00:18:11,Class A,244678000,55.674370,11.017858,At anchor,16.1,0.7,186.6,270,9393345,PBLW,THUN GARLAND,Tanker,,15,116,GPS,5.0,DK KAL PEC 321,04/09/2026 15:00:00,AIS,105,11,14,1
05/09/2026 00:18:26,Class A,563259900,58.198977,11.223853,At anchor,2.9,0.0,0.9,194,9833656,9VDO6,NAVIG8 GRACE,Tanker,,32,183,GPS,7.6,SEBRO,04/09/2026 13:00:00,AIS,147,36,9,23
05/09/2026 00:18:49,Class A,563259900,58.198977,11.223853,At anchor,2.9,0.0,0.9,194,9833656,9VDO6,NAVIG8 GRACE,Tanker,,32,183,GPS,7.6,SEBRO,04/09/2026 13:00:00,AIS,147,36,9,23
05/09/2026 00:19:03,Class A,219022047,55.462082,8.443662,Under way using engine,0.0,0.1,26.3,227,8661020,OUBJ2,FONIKS SUPPORTER,Tanker,No additional information,9,25,GPS,2.0,ESBJERG,24/03/2027 14:00:00,AIS,17,8,5,4
05/09/2026 00:21:07,Class A,244678000,55.674043,11.017782,At anchor,7.5,0.3,291.6,313,9393345,PBLW,THUN GARLAND,Tanker,,15,116,GPS,5.0,DK KAL PEC 321,04/09/2026 15:00:00,AIS,105,11,14,1
05/09/2026 00:21:07,Class A,244678000,55.674043,11.017782,At anchor,7.5,0.3,291.6,313,9393345,PBLW,THUN GARLAND,Tanker,,15,116,GPS,5.0,DK KAL PEC 321,04/09/2026 15:00:00,AIS,105,11,14,1
05/09/2026 00:21:08,Class A,255916087,55.556667,9.762638,Moored,0.0,0.0,155.4,300,1025411,CQ2516,CAPTAIN M.KYRIAKOU,Tanker,No additional information,23,150,GPS,6.2,DKFRC,04/09/2026 09:00:00,AIS,123,27,2,21
05/09/2026 00:21:08,Class A,255916087,55.556667,9.762638,Moored,0.0,0.0,155.4,300,1025411,CQ2516,CAPTAIN M.KYRIAKOU,Tanker,No additional information,23,150,GPS,6.2,DKFRC,04/09/2026 09:00:00,AIS,123,27,2,21
05/09/2026 00:22:11,Class A,219022047,55.462080,8.443662,Under way using engine,0.0,0.2,232.3,228,8661020,OUBJ2,FONIKS SUPPORTER,Tanker,No additional information,9,25,GPS,2.0,ESBJERG,24/03/2027 14:00:00,AIS,17,8,5,4
05/09/2026 00:24:08,Class A,255916087,55.556688,9.762637,Moored,0.0,0.0,155.4,300,1025411,CQ2516,CAPTAIN M.KYRIAKOU,Tanker,No additional information,23,150,GPS,6.2,DKFRC,04/09/2026 09:00:00,AIS,123,27,2,21
05/09/2026 00:24:08,Class A,255916087,55.556688,9.762637,Moored,0.0,0.0,155.4,300,1025411,CQ2516,CAPTAIN M.KYRIAKOU,Tanker,No additional information,23,150,GPS,6.2,DKFRC,04/09/2026 09:00:00,AIS,123,27,2,21
05/09/2026 00:24:32,Class A,219022047,55.462082,8.443662,Under way using engine,0.0,0.1,232.7,226,8661020,OUBJ2,FONIKS SUPPORTER,Tanker,No additional information,9,25,GPS,2.0,ESBJERG,24/03/2027 14:00:00,AIS,17,8,5,4
05/09/2026 00:26:03,Class A,244678000,55.674043,11.017782,At anchor,7.5,0.3,291.6,313,9393345,PBLW,THUN GARLAND,Tanker,,15,116,GPS,5.0,DK KAL PEC 321,04/09/2026 15:00:00,AIS,105,11,14,1
05/09/2026 00:26:41,Class A,219022047,55.462082,8.443662,Under way using engine,0.0,0.0,27.0,229,8661020,OUBJ2,FONIKS SUPPORTER,Tanker,No additional information,9,25,GPS,2.0,ESBJERG,24/03/2027 14:00:00,AIS,17,8,5,4
05/09/2026 00:27:07,Class A,244678000,55.674723,11.018058,At anchor,-2.9,0.5,207.3,256,9393345,PBLW,THUN GARLAND,Tanker,,15,116,GPS,5.0,DK KAL PEC 321,04/09/2026 15:00:00,AIS,105,11,14,1
05/09/2026 00:27:07,Class A,244678000,55.674723,11.018058,At anchor,-2.9,0.5,207.3,256,9393345,PBLW,THUN GARLAND,Tanker,,15,116,GPS,5.0,DK KAL PEC 321,04/09/2026 15:00:00,AIS,105,11,14,1
05/09/2026 00:27:08,Class A,255916087,55.556678,9.762645,Moored,0.0,0.0,155.4,300,1025411,CQ2516,CAPTAIN M.KYRIAKOU,Tanker,No additional information,23,150,GPS,6.2,DKFRC,04/09/2026 09:00:00,AIS,123,27,2,21
05/09/2026 00:27:22,Class A,563259900,58.198817,11.223115,At anchor,-1.6,0.1,274.0,184,9833656,9VDO6,NAVIG8 GRACE,Tanker,,32,183,GPS,7.6,SEBRO,04/09/2026 13:00:00,AIS,147,36,9,23
05/09/2026 00:29:02,Class A,219022047,55.462085,8.443663,Under way using engine,0.0,0.1,169.1,226,8661020,OUBJ2,FONIKS SUPPORTER,Tanker,No additional information,9,25,GPS,2.0,ESBJERG,24/03/2027 14:00:00,AIS,17,8,5,4
05/09/2026 00:29:12,Class A,255916087,55.556678,9.762645,Moored,0.0,0.0,155.4,300,1025411,CQ2516,CAPTAIN M.KYRIAKOU,Tanker,No additional information,23,150,GPS,6.2,DKFRC,04/09/2026 09:00:00,AIS,123,27,2,21
05/09/2026 00:29:12,Class A,255916087,55.556678,9.762645,Moored,0.0,0.0,155.4,300,1025411,CQ2516,CAPTAIN M.KYRIAKOU,Tanker,No additional information,23,150,GPS,6.2,DKFRC,04/09/2026 09:00:00,AIS,123,27,2,21
05/09/2026 00:30:08,Class A,255916087,55.556653,9.762658,Moored,0.0,0.0,155.4,300,1025411,CQ2516,CAPTAIN M.KYRIAKOU,Tanker,No additional information,23,150,GPS,6.2,DKFRC,04/09/2026 09:00:00,AIS,123,27,2,21
05/09/2026 00:30:08,Class A,255916087,55.556653,9.762658,Moored,0.0,0.0,155.4,300,1025411,CQ2516,CAPTAIN M.KYRIAKOU,Tanker,No additional information,23,150,GPS,6.2,DKFRC,04/09/2026 09:00:00,AIS,123,27,2,21
05/09/2026 00:30:12,Class A,244678000,55.674182,11.017920,At anchor,17.9,0.4,181.0,290,9393345,PBLW,THUN GARLAND,Tanker,,15,116,GPS,5.0,DK KAL PEC 321,04/09/2026 15:00:00,AIS,105,11,14,1
05/09/2026 00:30:12,Class A,244678000,55.674182,11.017920,At anchor,17.9,0.4,181.0,290,9393345,PBLW,THUN GARLAND,Tanker,,15,116,GPS,5.0,DK KAL PEC 321,04/09/2026 15:00:00,AIS,105,11,14,1
05/09/2026 00:30:28,Class A,563259900,58.198927,11.223022,At anchor,-1.1,0.1,346.2,179,9833656,9VDO6,NAVIG8 GRACE,Tanker,,32,183,GPS,7.6,SEBRO,04/09/2026 13:00:00,AIS,147,36,9,23
05/09/2026 00:30:49,Class A,563259900,58.198927,11.223022,At anchor,-1.1,0.1,346.2,179,9833656,9VDO6,NAVIG8 GRACE,Tanker,,32,183,GPS,7.6,SEBRO,04/09/2026 13:00:00,AIS,147,36,9,23
05/09/2026 00:31:03,Class A,219022047,55.462083,8.443665,Under way using engine,0.0,0.1,73.3,226,8661020,OUBJ2,FONIKS SUPPORTER,Tanker,No additional information,9,25,GPS,2.0,ESBJERG,24/03/2027 14:00:00,AIS,17,8,5,4
05/09/2026 00:32:03,Class A,244678000,55.674182,11.017920,At anchor,17.9,0.4,181.0,290,9393345,PBLW,THUN GARLAND,Tanker,,15,116,GPS,5.0,DK KAL PEC 321,04/09/2026 15:00:00,AIS,105,11,14,1
05/09/2026 00:33:07,Class A,244678000,55.674345,11.017950,At anchor,-10.0,0.8,21.5,305,9393345,PBLW,THUN GARLAND,Tanker,,15,116,GPS,5.0,DK KAL PEC 321,04/09/2026 15:00:00,AIS,105,11,14,1
05/09/2026 00:33:07,Class A,244678000,55.674345,11.017950,At anchor,-10.0,0.8,21.5,305,9393345,PBLW,THUN GARLAND,Tanker,,15,116,GPS,5.0,DK KAL PEC 321,04/09/2026 15:00:00,AIS,105,11,14,1
05/09/2026 00:33:08,Class A,255916087,55.556658,9.762637,Moored,0.0,0.0,155.4,300,1025411,CQ2516,CAPTAIN M.KYRIAKOU,Tanker,No additional information,23,150,GPS,6.2,DKFRC,04/09/2026 09:00:00,AIS,123,27,2,21
05/09/2026 00:33:08,Class A,255916087,55.556658,9.762637,Moored,0.0,0.0,155.4,300,1025411,CQ2516,CAPTAIN M.KYRIAKOU,Tanker,No additional information,23,150,GPS,6.2,DKFRC,04/09/2026 09:00:00,AIS,123,27,2,21
05/09/2026 00:33:21,Class A,563259900,58.199038,11.222857,At anchor,0.7,0.1,309.8,179,9833656,9VDO6,NAVIG8 GRACE,Tanker,,32,183,GPS,7.6,SEBRO,04/09/2026 13:00:00,AIS,147,36,9,23
05/09/2026 00:33:43,Class A,219022047,55.462083,8.443667,Under way using engine,0.0,0.1,293.8,226,8661020,OUBJ2,FONIKS SUPPORTER,Tanker,No additional information,9,25,GPS,2.0,ESBJERG,24/03/2027 14:00:00,AIS,17,8,5,4
05/09/2026 00:35:12,Class A,255916087,55.556658,9.762637,Moored,0.0,0.0,155.4,300,1025411,CQ2516,CAPTAIN M.KYRIAKOU,Tanker,No additional information,23,150,GPS,6.2,DKFRC,04/09/2026 09:00:00,AIS,123,27,2,21
05/09/2026 00:36:08,Class A,255916087,55.556667,9.762600,Moored,0.0,0.0,155.4,300,1025411,CQ2516,CAPTAIN M.KYRIAKOU,Tanker,No additional information,23,150,GPS,6.2,DKFRC,04/09/2026 09:00:00,AIS,123,27,2,21
05/09/2026 00:36:08,Class A,255916087,55.556667,9.762600,Moored,0.0,0.0,155.4,300,1025411,CQ2516,CAPTAIN M.KYRIAKOU,Tanker,No additional information,23,150,GPS,6.2,DKFRC,04/09/2026 09:00:00,AIS,123,27,2,21
05/09/2026 00:36:12,Class A,244678000,55.674828,11.018185,At anchor,-14.5,0.2,332.1,261,9393345,PBLW,THUN GARLAND,Tanker,,15,116,GPS,5.0,DK KAL PEC 321,04/09/2026 15:00:00,AIS,105,11,14,1
05/09/2026 00:36:12,Class A,244678000,55.674828,11.018185,At anchor,-14.5,0.2,332.1,261,9393345,PBLW,THUN GARLAND,Tanker,,15,116,GPS,5.0,DK KAL PEC 321,04/09/2026 15:00:00,AIS,105,11,14,1
05/09/2026 00:36:22,Class A,219022047,55.462082,8.443665,Under way using engine,0.0,0.1,69.8,230,8661020,OUBJ2,FONIKS SUPPORTER,Tanker,No additional information,9,25,GPS,2.0,ESBJERG,24/03/2027 14:00:00,AIS,17,8,5,4
05/09/2026 00:36:27,Class A,563259900,58.199095,11.222742,At anchor,-0.2,0.1,312.1,180,9833656,9VDO6,NAVIG8 GRACE,Tanker,,32,183,GPS,7.6,SEBRO,04/09/2026 13:00:00,AIS,147,36,9,23
05/09/2026 00:36:49,Class A,563259900,58.199095,11.222742,At anchor,-0.2,0.1,312.1,180,9833656,9VDO6,NAVIG8 GRACE,Tanker,,32,183,GPS,7.6,SEBRO,04/09/2026 13:00:00,AIS,147,36,9,23
05/09/2026 00:38:03,Class A,244678000,55.674828,11.018185,At anchor,-14.5,0.2,332.1,261,9393345,PBLW,THUN GARLAND,Tanker,,15,116,GPS,5.0,DK KAL PEC 321,04/09/2026 15:00:00,AIS,105,11,14,1
05/09/2026 00:38:03,Class A,244678000,55.674828,11.018185,At anchor,-14.5,0.2,332.1,261,9393345,PBLW,THUN GARLAND,Tanker,,15,116,GPS,5.0,DK KAL PEC 321,04/09/2026 15:00:00,AIS,105,11,14,1
05/09/2026 00:39:08,Class A,255916087,55.556663,9.762622,Moored,0.0,0.0,155.4,300,1025411,CQ2516,CAPTAIN M.KYRIAKOU,Tanker,No additional information,23,150,GPS,6.2,DKFRC,04/09/2026 09:00:00,AIS,123,27,2,21
05/09/2026 00:39:08,Class A,255916087,55.556663,9.762622,Moored,0.0,0.0,155.4,300,1025411,CQ2516,CAPTAIN M.KYRIAKOU,Tanker,No additional information,23,150,GPS,6.2,DKFRC,04/09/2026 09:00:00,AIS,123,27,2,21
05/09/2026 00:39:12,Class A,219022047,55.462080,8.443667,Under way using engine,0.0,0.1,124.6,233,8661020,OUBJ2,FONIKS SUPPORTER,Tanker,No additional information,9,25,GPS,2.0,ESBJERG,24/03/2027 14:00:00,AIS,17,8,5,4
05/09/2026 00:41:12,Class A,255916087,55.556663,9.762622,Moored,0.0,0.0,155.4,300,1025411,CQ2516,CAPTAIN M.KYRIAKOU,Tanker,No additional information,23,150,GPS,6.2,DKFRC,04/09/2026 09:00:00,AIS,123,27,2,21
05/09/2026 00:41:12,Class A,255916087,55.556663,9.762622,Moored,0.0,0.0,155.4,300,1025411,CQ2516,CAPTAIN M.KYRIAKOU,Tanker,No additional information,23,150,GPS,6.2,DKFRC,04/09/2026 09:00:00,AIS,123,27,2,21
05/09/2026 00:41:23,Class A,219022047,55.462082,8.443668,Under way using engine,0.0,0.1,339.5,228,8661020,OUBJ2,FONIKS SUPPORTER,Tanker,No additional information,9,25,GPS,2.0,ESBJERG,24/03/2027 14:00:00,AIS,17,8,5,4
05/09/2026 00:42:02,Class A,244678000,55.674052,11.017800,At anchor,5.4,0.2,297.4,313,9393345,PBLW,THUN GARLAND,Tanker,,15,116,GPS,5.0,DK KAL PEC 321,04/09/2026 15:00:00,AIS,105,11,14,1
05/09/2026 00:42:08,Class A,255916087,55.556667,9.762627,Moored,0.0,0.0,155.4,300,1025411,CQ2516,CAPTAIN M.KYRIAKOU,Tanker,No additional information,23,150,GPS,6.2,DKFRC,04/09/2026 09:00:00,AIS,123,27,2,21
05/09/2026 00:42:08,Class A,255916087,55.556667,9.762627,Moored,0.0,0.0,155.4,300,1025411,CQ2516,CAPTAIN M.KYRIAKOU,Tanker,No additional information,23,150,GPS,6.2,DKFRC,04/09/2026 09:00:00,AIS,123,27,2,21
05/09/2026 00:42:26,Class A,563259900,58.199038,11.222338,At anchor,0.4,0.1,237.5,178,9833656,9VDO6,NAVIG8 GRACE,Tanker,,32,183,GPS,7.6,SEBRO,04/09/2026 13:00:00,AIS,147,36,9,23
05/09/2026 00:44:03,Class A,244678000,55.674052,11.017800,At anchor,5.4,0.2,297.4,313,9393345,PBLW,THUN GARLAND,Tanker,,15,116,GPS,5.0,DK KAL PEC 321,04/09/2026 15:00:00,AIS,105,11,14,1
05/09/2026 00:44:41,Class A,219022047,55.462080,8.443667,Under way using engine,0.0,0.0,320.6,231,8661020,OUBJ2,FONIKS SUPPORTER,Tanker,No additional information,9,25,GPS,2.0,ESBJERG,24/03/2027 14:00:00,AIS,17,8,5,4
05/09/2026 00:45:08,Class A,244678000,55.674623,11.018167,At anchor,-12.9,0.5,22.6,287,9393345,PBLW,THUN GARLAND,Tanker,,15,116,GPS,5.0,DK KAL PEC 321,04/09/2026 15:00:00,AIS,105,11,14,1
05/09/2026 00:45:08,Class A,255916087,55.556662,9.762648,Moored,0.0,0.0,155.4,300,1025411,CQ2516,CAPTAIN M.KYRIAKOU,Tanker,No additional information,23,150,GPS,6.2,DKFRC,04/09/2026 09:00:00,AIS,123,27,2,21
05/09/2026 00:45:08,Class A,255916087,55.556662,9.762648,Moored,0.0,0.0,155.4,300,1025411,CQ2516,CAPTAIN M.KYRIAKOU,Tanker,No additional information,23,150,GPS,6.2,DKFRC,04/09/2026 09:00:00,AIS,123,27,2,21
05/09/2026 00:45:25,Class A,563259900,58.198998,11.222095,At anchor,-0.7,0.1,261.6,173,9833656,9VDO6,NAVIG8 GRACE,Tanker,,32,183,GPS,7.6,SEBRO,04/09/2026 13:00:00,AIS,147,36,9,23
05/09/2026 00:47:12,Class A,255916087,55.556662,9.762648,Moored,0.0,0.0,155.4,300,1025411,CQ2516,CAPTAIN M.KYRIAKOU,Tanker,No additional information,23,150,GPS,6.2,DKFRC,04/09/2026 09:00:00,AIS,123,27,2,21
05/09/2026 00:47:12,Class A,255916087,55.556662,9.762648,Moored,0.0,0.0,155.4,300,1025411,CQ2516,CAPTAIN M.KYRIAKOU,Tanker,No additional information,23,150,GPS,6.2,DKFRC,04/09/2026 09:00:00,AIS,123,27,2,21
05/09/2026 00:47:23,Class A,219022047,55.462080,8.443663,Under way using engine,0.0,0.0,206.4,227,8661020,OUBJ2,FONIKS SUPPORTER,Tanker,No additional information,9,25,GPS,2.0,ESBJERG,24/03/2027 14:00:00,AIS,17,8,5,4
05/09/2026 00:48:04,Class A,244678000,55.674678,11.018032,At anchor,3.6,0.4,210.8,258,9393345,PBLW,THUN GARLAND,Tanker,,15,116,GPS,5.0,DK KAL PEC 321,04/09/2026 15:00:00,AIS,105,11,14,1
05/09/2026 00:48:04,Class A,244678000,55.674678,11.018032,At anchor,3.6,0.4,210.8,258,9393345,PBLW,THUN GARLAND,Tanker,,15,116,GPS,5.0,DK KAL PEC 321,04/09/2026 15:00:00,AIS,105,11,14,1
05/09/2026 00:48:08,Class A,255916087,55.556667,9.762657,Moored,0.0,0.0,155.4,300,1025411,CQ2516,CAPTAIN M.KYRIAKOU,Tanker,No additional information,23,150,GPS,6.2,DKFRC,04/09/2026 09:00:00,AIS,123,27,2,21
05/09/2026 00:48:08,Class A,255916087,55.556667,9.762657,Moored,0.0,0.0,155.4,300,1025411,CQ2516,CAPTAIN M.KYRIAKOU,Tanker,No additional information,23,150,GPS,6.2,DKFRC,04/09/2026 09:00:00,AIS,123,27,2,21
05/09/2026 00:48:49,Class A,563259900,58.198998,11.222095,At anchor,-0.7,0.1,261.6,173,9833656,9VDO6,NAVIG8 GRACE,Tanker,,32,183,GPS,7.6,SEBRO,04/09/2026 13:00:00,AIS,147,36,9,23
05/09/2026 00:50:03,Class A,244678000,55.674678,11.018032,At anchor,3.6,0.4,210.8,258,9393345,PBLW,THUN GARLAND,Tanker,,15,116,GPS,5.0,DK KAL PEC 321,04/09/2026 15:00:00,AIS,105,11,14,1
05/09/2026 00:50:03,Class A,244678000,55.674678,11.018032,At anchor,3.6,0.4,210.8,258,9393345,PBLW,THUN GARLAND,Tanker,,15,116,GPS,5.0,DK KAL PEC 321,04/09/2026 15:00:00,AIS,105,11,14,1
05/09/2026 00:50:41,Class A,219022047,55.462080,8.443667,Under way using engine,0.0,0.1,138.9,229,8661020,OUBJ2,FONIKS SUPPORTER,Tanker,No additional information,9,25,GPS,2.0,ESBJERG,24/03/2027 14:00:00,AIS,17,8,5,4
05/09/2026 00:51:06,Class A,244678000,55.674180,11.017942,At anchor,14.5,0.5,180.3,287,9393345,PBLW,THUN GARLAND,Tanker,,15,116,GPS,5.0,DK KAL PEC 321,04/09/2026 15:00:00,AIS,105,11,14,1
05/09/2026 00:51:06,Class A,244678000,55.674180,11.017942,At anchor,14.5,0.5,180.3,287,9393345,PBLW,THUN GARLAND,Tanker,,15,116,GPS,5.0,DK KAL PEC 321,04/09/2026 15:00:00,AIS,105,11,14,1
05/09/2026 00:51:08,Class A,255916087,55.556663,9.762638,Moored,0.0,0.0,155.4,300,1025411,CQ2516,CAPTAIN M.KYRIAKOU,Tanker,No additional information,23,150,GPS,6.2,DKFRC,04/09/2026 09:00:00,AIS,123,27,2,21
05/09/2026 00:51:08,Class A,255916087,55.556663,9.762638,Moored,0.0,0.0,155.4,300,1025411,CQ2516,CAPTAIN M.KYRIAKOU,Tanker,No additional information,23,150,GPS,6.2,DKFRC,04/09/2026 09:00:00,AIS,123,27,2,21
05/09/2026 00:53:03,Class A,219022047,55.462080,8.443665,Under way using engine,0.0,0.1,293.6,229,8661020,OUBJ2,FONIKS SUPPORTER,Tanker,No additional information,9,25,GPS,2.0,ESBJERG,24/03/2027 14:00:00,AIS,17,8,5,4
05/09/2026 00:53:12,Class A,255916087,55.556663,9.762638,Moored,0.0,0.0,155.4,300,1025411,CQ2516,CAPTAIN M.KYRIAKOU,Tanker,No additional information,23,150,GPS,6.2,DKFRC,04/09/2026 09:00:00,AIS,123,27,2,21
05/09/2026 00:54:05,Class A,244678000,55.674280,11.017925,At anchor,-7.5,0.5,19.6,308,9393345,PBLW,THUN GARLAND,Tanker,,15,116,GPS,5.0,DK KAL PEC 321,04/09/2026 15:00:00,AIS,105,11,14,1
05/09/2026 00:54:05,Class A,244678000,55.674280,11.017925,At anchor,-7.5,0.5,19.6,308,9393345,PBLW,THUN GARLAND,Tanker,,15,116,GPS,5.0,DK KAL PEC 321,04/09/2026 15:00:00,AIS,105,11,14,1
05/09/2026 00:54:08,Class A,255916087,55.556667,9.762637,Moored,0.0,0.0,155.4,300,1025411,CQ2516,CAPTAIN M.KYRIAKOU,Tanker,No additional information,23,150,GPS,6.2,DKFRC,04/09/2026 09:00:00,AIS,123,27,2,21
05/09/2026 00:54:08,Class A,255916087,55.556667,9.762637,Moored,0.0,0.0,155.4,300,1025411,CQ2516,CAPTAIN M.KYRIAKOU,Tanker,No additional information,23,150,GPS,6.2,DKFRC,04/09/2026 09:00:00,AIS,123,27,2,21
05/09/2026 00:54:53,Class A,219022047,55.462080,8.443658,Under way using engine,0.0,0.0,332.6,233,8661020,OUBJ2,FONIKS SUPPORTER,Tanker,No additional information,9,25,GPS,2.0,ESBJERG,24/03/2027 14:00:00,AIS,17,8,5,4
05/09/2026 00:56:03,Class A,244678000,55.674280,11.017925,At anchor,-7.5,0.5,19.6,308,9393345,PBLW,THUN GARLAND,Tanker,,15,116,GPS,5.0,DK KAL PEC 321,04/09/2026 15:00:00,AIS,105,11,14,1
05/09/2026 00:57:07,Class A,244678000,55.674732,11.018190,At anchor,-14.5,0.2,342.1,265,9393345,PBLW,THUN GARLAND,Tanker,,15,116,GPS,5.0,DK KAL PEC 321,04/09/2026 15:00:00,AIS,105,11,14,1
05/09/2026 00:57:07,Class A,244678000,55.674732,11.018190,At anchor,-14.5,0.2,342.1,265,9393345,PBLW,THUN GARLAND,Tanker,,15,116,GPS,5.0,DK KAL PEC 321,04/09/2026 15:00:00,AIS,105,11,14,1
05/09/2026 00:57:07,Class A,244678000,55.674732,11.018190,At anchor,-14.5,0.2,342.1,265,9393345,PBLW,THUN GARLAND,Tanker,,15,116,GPS,5.0,DK KAL PEC 321,04/09/2026 15:00:00,AIS,105,11,14,1
05/09/2026 00:57:08,Class A,255916087,55.556665,9.762593,Moored,0.0,0.0,155.4,300,1025411,CQ2516,CAPTAIN M.KYRIAKOU,Tanker,No additional information,23,150,GPS,6.2,DKFRC,04/09/2026 09:00:00,AIS,123,27,2,21
05/09/2026 00:57:08,Class A,255916087,55.556665,9.762593,Moored,0.0,0.0,155.4,300,1025411,CQ2516,CAPTAIN M.KYRIAKOU,Tanker,No additional information,23,150,GPS,6.2,DKFRC,04/09/2026 09:00:00,AIS,123,27,2,21
05/09/2026 00:57:13,Class A,219022047,55.462080,8.443663,Under way using engine,0.0,0.1,61.6,231,8661020,OUBJ2,FONIKS SUPPORTER,Tanker,No additional information,9,25,GPS,2.0,ESBJERG,24/03/2027 14:00:00,AIS,17,8,5,4
05/09/2026 00:59:12,Class A,255916087,55.556665,9.762593,Moored,0.0,0.0,155.4,300,1025411,CQ2516,CAPTAIN M.KYRIAKOU,Tanker,No additional information,23,150,GPS,6.2,DKFRC,04/09/2026 09:00:00,AIS,123,27,2,21
05/09/2026 00:59:12,Class A,255916087,55.556665,9.762593,Moored,0.0,0.0,155.4,300,1025411,CQ2516,CAPTAIN M.KYRIAKOU,Tanker,No additional information,23,150,GPS,6.2,DKFRC,04/09/2026 09:00:00,AIS,123,27,2,21
05/09/2026 00:59:32,Class A,219022047,55.462078,8.443662,Under way using engine,0.0,0.0,8.0,233,8661020,OUBJ2,FONIKS SUPPORTER,Tanker,No additional information,9,25,GPS,2.0,ESBJERG,24/03/2027 14:00:00,AIS,17,8,5,4
05/09/2026 01:00:07,Class A,244678000,55.674365,11.017883,At anchor,6.4,0.6,190.1,269,9393345,PBLW,THUN GARLAND,Tanker,,15,116,GPS,5.0,DK KAL PEC 321,04/09/2026 15:00:00,AIS,105,11,14,1
05/09/2026 01:00:08,Class A,255916087,55.556675,9.762608,Moored,0.0,0.0,26.3,300,1025411,CQ2516,CAPTAIN M.KYRIAKOU,Tanker,No additional information,23,150,GPS,6.2,DKFRC,04/09/2026 09:00:00,AIS,123,27,2,21
05/09/2026 01:00:08,Class A,255916087,55.556675,9.762608,Moored,0.0,0.0,26.3,300,1025411,CQ2516,CAPTAIN M.KYRIAKOU,Tanker,No additional information,23,150,GPS,6.2,DKFRC,04/09/2026 09:00:00,AIS,123,27,2,21
05/09/2026 01:02:03,Class A,244678000,55.674365,11.017883,At anchor,6.4,0.6,190.1,269,9393345,PBLW,THUN GARLAND,Tanker,,15,116,GPS,5.0,DK KAL PEC 321,04/09/2026 15:00:00,AIS,105,11,14,1
05/09/2026 01:02:13,Class A,219022047,55.462078,8.443668,Under way using engine,0.0,0.1,165.8,230,8661020,OUBJ2,FONIKS SUPPORTER,Tanker,No additional information,9,25,GPS,2.0,ESBJERG,24/03/2027 14:00:00,AIS,17,8,5,4
05/09/2026 01:03:08,Class A,255916087,55.556678,9.762615,Moored,0.0,0.0,26.3,300,1025411,CQ2516,CAPTAIN M.KYRIAKOU,Tanker,No additional information,23,150,GPS,6.2,DKFRC,04/09/2026 09:00:00,AIS,123,27,2,21
05/09/2026 01:03:08,Class A,255916087,55.556678,9.762615,Moored,0.0,0.0,26.3,300,1025411,CQ2516,CAPTAIN M.KYRIAKOU,Tanker,No additional information,23,150,GPS,6.2,DKFRC,04/09/2026 09:00:00,AIS,123,27,2,21
05/09/2026 01:03:09,Class A,244678000,55.674020,11.017780,At anchor,10.0,0.1,227.6,312,9393345,PBLW,THUN GARLAND,Tanker,,15,116,GPS,5.0,DK KAL PEC 321,04/09/2026 15:00:00,AIS,105,11,14,1
05/09/2026 01:03:09,Class A,244678000,55.674020,11.017780,At anchor,10.0,0.1,227.6,312,9393345,PBLW,THUN GARLAND,Tanker,,15,116,GPS,5.0,DK KAL PEC 321,04/09/2026 15:00:00,AIS,105,11,14,1
05/09/2026 01:03:09,Class A,244678000,55.674020,11.017780,At anchor,10.0,0.1,227.6,312,9393345,PBLW,THUN GARLAND,Tanker,,15,116,GPS,5.0,DK KAL PEC 321,04/09/2026 15:00:00,AIS,105,11,14,1
05/09/2026 01:03:09,Class A,244678000,55.674020,11.017780,At anchor,10.0,0.1,227.6,312,9393345,PBLW,THUN GARLAND,Tanker,,15,116,GPS,5.0,DK KAL PEC 321,04/09/2026 15:00:00,AIS,105,11,14,1
05/09/2026 01:04:43,Class A,219022047,55.462082,8.443668,Under way using engine,0.0,0.1,59.2,231,8661020,OUBJ2,FONIKS SUPPORTER,Tanker,No additional information,9,25,GPS,2.0,ESBJERG,24/03/2027 14:00:00,AIS,17,8,5,4
05/09/2026 01:06:07,Class A,244678000,55.674467,11.018058,At anchor,-11.4,0.6,27.8,297,9393345,PBLW,THUN GARLAND,Tanker,,15,116,GPS,5.0,DK KAL PEC 321,04/09/2026 15:00:00,AIS,105,11,14,1
05/09/2026 01:06:08,Class A,255916087,55.556667,9.762642,Moored,0.0,0.0,26.3,300,1025411,CQ2516,CAPTAIN M.KYRIAKOU,Tanker,No additional information,23,150,GPS,6.2,DKFRC,04/09/2026 09:00:00,AIS,123,27,2,21
05/09/2026 01:06:08,Class A,255916087,55.556667,9.762642,Moored,0.0,0.0,26.3,300,1025411,CQ2516,CAPTAIN M.KYRIAKOU,Tanker,No additional information,23,150,GPS,6.2,DKFRC,04/09/2026 09:00:00,AIS,123,27,2,21
05/09/2026 01:06:24,Class A,563259900,58.198975,11.221148,At anchor,-2.9,0.1,256.2,161,9833656,9VDO6,NAVIG8 GRACE,Tanker,,32,183,GPS,7.6,SEBRO,04/09/2026 13:00:00,AIS,147,36,9,23
05/09/2026 01:07:22,Class A,219022047,55.462078,8.443665,Under way using engine,0.0,0.0,198.1,226,8661020,OUBJ2,FONIKS SUPPORTER,Tanker,No additional information,9,25,GPS,2.0,ESBJERG,24/03/2027 14:00:00,AIS,17,8,5,4
05/09/2026 01:08:03,Class A,244678000,55.674467,11.018058,At anchor,-11.4,0.6,27.8,297,9393345,PBLW,THUN GARLAND,Tanker,,15,116,GPS,5.0,DK KAL PEC 321,04/09/2026 15:00:00,AIS,105,11,14,1
05/09/2026 01:08:03,Class A,244678000,55.674467,11.018058,At anchor,-11.4,0.6,27.8,297,9393345,PBLW,THUN GARLAND,Tanker,,15,116,GPS,5.0,DK KAL PEC 321,04/09/2026 15:00:00,AIS,105,11,14,1
05/09/2026 01:09:07,Class A,244678000,55.674705,11.018100,At anchor,-6.4,0.2,265.4,259,9393345,PBLW,THUN GARLAND,Tanker,,15,116,GPS,5.0,DK KAL PEC 321,04/09/2026 15:00:00,AIS,105,11,14,1
05/09/2026 01:09:07,Class A,244678000,55.674705,11.018100,At anchor,-6.4,0.2,265.4,259,9393345,PBLW,THUN GARLAND,Tanker,,15,116,GPS,5.0,DK KAL PEC 321,04/09/2026 15:00:00,AIS,105,11,14,1
05/09/2026 01:09:07,Class A,244678000,55.674705,11.018100,At anchor,-6.4,0.2,265.4,259,9393345,PBLW,THUN GARLAND,Tanker,,15,116,GPS,5.0,DK KAL PEC 321,04/09/2026 15:00:00,AIS,105,11,14,1
05/09/2026 01:09:08,Class A,255916087,55.556672,9.762627,Moored,0.0,0.0,26.3,300,1025411,CQ2516,CAPTAIN M.KYRIAKOU,Tanker,No additional information,23,150,GPS,6.2,DKFRC,04/09/2026 09:00:00,AIS,123,27,2,21
05/09/2026 01:09:21,Class A,563259900,58.198952,11.220957,At anchor,-0.7,0.1,257.1,155,9833656,9VDO6,NAVIG8 GRACE,Tanker,,32,183,GPS,7.6,SEBRO,04/09/2026 13:00:00,AIS,147,36,9,23
05/09/2026 01:10:43,Class A,219022047,55.462078,8.443658,Under way using engine,0.0,0.1,191.1,227,8661020,OUBJ2,FONIKS SUPPORTER,Tanker,No additional information,9,25,GPS,2.0,ESBJERG,24/03/2027 14:00:00,AIS,17,8,5,4
05/09/2026 01:11:12,Class A,255916087,55.556672,9.762627,Moored,0.0,0.0,26.3,300,1025411,CQ2516,CAPTAIN M.KYRIAKOU,Tanker,No additional information,23,150,GPS,6.2,DKFRC,04/09/2026 09:00:00,AIS,123,27,2,21
05/09/2026 01:11:12,Class A,255916087,55.556672,9.762627,Moored,0.0,0.0,26.3,300,1025411,CQ2516,CAPTAIN M.KYRIAKOU,Tanker,No additional information,23,150,GPS,6.2,DKFRC,04/09/2026 09:00:00,AIS,123,27,2,21
05/09/2026 01:12:06,Class A,244678000,55.674185,11.017877,At anchor,14.5,0.5,183.2,282,9393345,PBLW,THUN GARLAND,Tanker,,15,116,GPS,5.0,DK KAL PEC 321,04/09/2026 15:00:00,AIS,105,11,14,1
05/09/2026 01:12:06,Class A,244678000,55.674185,11.017877,At anchor,14.5,0.5,183.2,282,9393345,PBLW,THUN GARLAND,Tanker,,15,116,GPS,5.0,DK KAL PEC 321,04/09/2026 15:00:00,AIS,105,11,14,1
05/09/2026 01:12:08,Class A,255916087,55.556682,9.762622,Moored,0.0,0.0,26.3,300,1025411,CQ2516,CAPTAIN M.KYRIAKOU,Tanker,No additional information,23,150,GPS,6.2,DKFRC,04/09/2026 09:00:00,AIS,123,27,2,21
05/09/2026 01:12:08,Class A,255916087,55.556682,9.762622,Moored,0.0,0.0,26.3,300,1025411,CQ2516,CAPTAIN M.KYRIAKOU,Tanker,No additional information,23,150,GPS,6.2,DKFRC,04/09/2026 09:00:00,AIS,123,27,2,21
05/09/2026 01:12:24,Class A,563259900,58.198928,11.220770,At anchor,0.7,0.1,254.9,158,9833656,9VDO6,NAVIG8 GRACE,Tanker,,32,183,GPS,7.6,SEBRO,04/09/2026 13:00:00,AIS,147,36,9,23
05/09/2026 01:12:52,Class A,219022047,55.462080,8.443658,Under way using engine,0.0,0.0,64.6,230,8661020,OUBJ2,FONIKS SUPPORTER,Tanker,No additional information,9,25,GPS,2.0,ESBJERG,24/03/2027 14:00:00,AIS,17,8,5,4
05/09/2026 01:15:08,Class A,244678000,55.674100,11.017767,At anchor,-3.6,0.4,1.6,315,9393345,PBLW,THUN GARLAND,Tanker,,15,116,GPS,5.0,DK KAL PEC 321,04/09/2026 15:00:00,AIS,105,11,14,1
05/09/2026 01:15:08,Class A,255916087,55.556653,9.762620,Moored,0.0,0.0,26.3,300,1025411,CQ2516,CAPTAIN M.KYRIAKOU,Tanker,No additional information,23,150,GPS,6.2,DKFRC,04/09/2026 09:00:00,AIS,123,27,2,21
05/09/2026 01:15:08,Class A,255916087,55.556653,9.762620,Moored,0.0,0.0,26.3,300,1025411,CQ2516,CAPTAIN M.KYRIAKOU,Tanker,No additional information,23,150,GPS,6.2,DKFRC,04/09/2026 09:00:00,AIS,123,27,2,21
05/09/2026 01:15:52,Class A,219022047,55.462080,8.443658,Under way using engine,0.0,0.1,16.3,227,8661020,OUBJ2,FONIKS SUPPORTER,Tanker,No additional information,9,25,GPS,2.0,ESBJERG,24/03/2027 14:00:00,AIS,17,8,5,4
05/09/2026 01:17:12,Class A,255916087,55.556653,9.762620,Moored,0.0,0.0,26.3,300,1025411,CQ2516,CAPTAIN M.KYRIAKOU,Tanker,No additional information,23,150,GPS,6.2,DKFRC,04/09/2026 09:00:00,AIS,123,27,2,21
05/09/2026 01:18:05,Class A,244678000,55.674605,11.018152,At anchor,-14.5,0.5,19.8,286,9393345,PBLW,THUN GARLAND,Tanker,,15,116,GPS,5.0,DK KAL PEC 321,04/09/2026 15:00:00,AIS,105,11,14,1
05/09/2026 01:18:08,Class A,255916087,55.556658,9.762638,Moored,0.0,0.0,26.3,300,1025411,CQ2516,CAPTAIN M.KYRIAKOU,Tanker,No additional information,23,150,GPS,6.2,DKFRC,04/09/2026 09:00:00,AIS,123,27,2,21
05/09/2026 01:18:08,Class A,255916087,55.556658,9.762638,Moored,0.0,0.0,26.3,300,1025411,CQ2516,CAPTAIN M.KYRIAKOU,Tanker,No additional information,23,150,GPS,6.2,DKFRC,04/09/2026 09:00:00,AIS,123,27,2,21
05/09/2026 01:18:22,Class A,563259900,58.198892,11.220535,At anchor,-0.4,0.0,254.9,156,9833656,9VDO6,NAVIG8 GRACE,Tanker,,32,183,GPS,7.6,SEBRO,04/09/2026 13:00:00,AIS,147,36,9,23
05/09/2026 01:18:49,Class A,563259900,58.198892,11.220535,At anchor,-0.4,0.0,254.9,156,9833656,9VDO6,NAVIG8 GRACE,Tanker,,32,183,GPS,7.6,SEBRO,04/09/2026 13:00:00,AIS,147,36,9,23
05/09/2026 01:18:52,Class A,219022047,55.462080,8.443655,Under way using engine,0.0,0.1,130.3,228,8661020,OUBJ2,FONIKS SUPPORTER,Tanker,No additional information,9,25,GPS,2.0,ESBJERG,24/03/2027 14:00:00,AIS,17,8,5,4
05/09/2026 01:20:03,Class A,244678000,55.674605,11.018152,At anchor,-14.5,0.5,19.8,286,9393345,PBLW,THUN GARLAND,Tanker,,15,116,GPS,5.0,DK KAL PEC 321,04/09/2026 15:00:00,AIS,105,11,14,1
05/09/2026 01:21:08,Class A,255916087,55.556660,9.762632,Moored,0.0,0.0,26.3,300,1025411,CQ2516,CAPTAIN M.KYRIAKOU,Tanker,No additional information,23,150,GPS,6.2,DKFRC,04/09/2026 09:00:00,AIS,123,27,2,21
05/09/2026 01:21:09,Class A,244678000,55.674642,11.017997,At anchor,5.4,0.5,203.6,258,9393345,PBLW,THUN GARLAND,Tanker,,15,116,GPS,5.0,DK KAL PEC 321,04/09/2026 15:00:00,AIS,105,11,14,1
05/09/2026 01:21:09,Class A,244678000,55.674642,11.017997,At anchor,5.4,0.5,203.6,258,9393345,PBLW,THUN GARLAND,Tanker,,15,116,GPS,5.0,DK KAL PEC 321,04/09/2026 15:00:00,AIS,105,11,14,1
05/09/2026 01:21:22,Class A,563259900,58.198915,11.220505,At anchor,-0.7,0.0,254.9,156,9833656,9VDO6,NAVIG8 GRACE,Tanker,,32,183,GPS,7.6,SEBRO,04/09/2026 13:00:00,AIS,147,36,9,23
05/09/2026 01:21:22,Class A,219022047,55.462080,8.443658,Under way using engine,0.0,0.0,152.0,231,8661020,OUBJ2,FONIKS SUPPORTER,Tanker,No additional information,9,25,GPS,2.0,ESBJERG,24/03/2027 14:00:00,AIS,17,8,5,4
05/09/2026 01:23:12,Class A,255916087,55.556660,9.762632,Moored,0.0,0.0,26.3,300,1025411,CQ2516,CAPTAIN M.KYRIAKOU,Tanker,No additional information,23,150,GPS,6.2,DKFRC,04/09/2026 09:00:00,AIS,123,27,2,21
05/09/2026 01:23:32,Class A,219022047,55.462082,8.443660,Under way using engine,0.0,0.1,219.8,230,8661020,OUBJ2,FONIKS SUPPORTER,Tanker,No additional information,9,25,GPS,2.0,ESBJERG,24/03/2027 14:00:00,AIS,17,8,5,4
05/09/2026 01:24:04,Class A,244678000,55.674177,11.017913,At anchor,16.1,0.4,184.3,287,9393345,PBLW,THUN GARLAND,Tanker,,15,116,GPS,5.0,DK KAL PEC 321,04/09/2026 15:00:00,AIS,105,11,14,1
05/09/2026 01:24:08,Class A,255916087,55.556660,9.762623,Moored,0.0,0.0,26.3,300,1025411,CQ2516,CAPTAIN M.KYRIAKOU,Tanker,No additional information,23,150,GPS,6.2,DKFRC,04/09/2026 09:00:00,AIS,123,27,2,21
05/09/2026 01:24:08,Class A,255916087,55.556660,9.762623,Moored,0.0,0.0,26.3,300,1025411,CQ2516,CAPTAIN M.KYRIAKOU,Tanker,No additional information,23,150,GPS,6.2,DKFRC,04/09/2026 09:00:00,AIS,123,27,2,21
05/09/2026 01:24:21,Class A,563259900,58.198913,11.220455,At anchor,-1.1,0.0,254.9,154,9833656,9VDO6,NAVIG8 GRACE,Tanker,,32,183,GPS,7.6,SEBRO,04/09/2026 13:00:00,AIS,147,36,9,23
05/09/2026 01:24:49,Class A,563259900,58.198913,11.220455,At anchor,-1.1,0.0,254.9,154,9833656,9VDO6,NAVIG8 GRACE,Tanker,,32,183,GPS,7.6,SEBRO,04/09/2026 13:00:00,AIS,147,36,9,23
05/09/2026 01:26:03,Class A,244678000,55.674177,11.017913,At anchor,16.1,0.4,184.3,287,9393345,PBLW,THUN GARLAND,Tanker,,15,116,GPS,5.0,DK KAL PEC 321,04/09/2026 15:00:00,AIS,105,11,14,1
05/09/2026 01:26:03,Class A,244678000,55.674177,11.017913,At anchor,16.1,0.4,184.3,287,9393345,PBLW,THUN GARLAND,Tanker,,15,116,GPS,5.0,DK KAL PEC 321,04/09/2026 15:00:00,AIS,105,11,14,1
05/09/2026 01:26:12,Class A,219022047,55.462080,8.443660,Under way using engine,0.0,0.1,330.0,232,8661020,OUBJ2,FONIKS SUPPORTER,Tanker,No additional information,9,25,GPS,2.0,ESBJERG,24/03/2027 14:00:00,AIS,17,8,5,4
05/09/2026 01:27:08,Class A,255916087,55.556663,9.762630,Moored,0.0,0.0,26.3,300,1025411,CQ2516,CAPTAIN M.KYRIAKOU,Tanker,No additional information,23,150,GPS,6.2,DKFRC,04/09/2026 09:00:00,AIS,123,27,2,21
05/09/2026 01:27:08,Class A,255916087,55.556663,9.762630,Moored,0.0,0.0,26.3,300,1025411,CQ2516,CAPTAIN M.KYRIAKOU,Tanker,No additional information,23,150,GPS,6.2,DKFRC,04/09/2026 09:00:00,AIS,123,27,2,21
05/09/2026 01:27:10,Class A,244678000,55.674257,11.017907,At anchor,-8.7,0.7,14.7,307,9393345,PBLW,THUN GARLAND,Tanker,,15,116,GPS,5.0,DK KAL PEC 321,04/09/2026 15:00:00,AIS,105,11,14,1
05/09/2026 01:27:10,Class A,244678000,55.674257,11.017907,At anchor,-8.7,0.7,14.7,307,9393345,PBLW,THUN GARLAND,Tanker,,15,116,GPS,5.0,DK KAL PEC 321,04/09/2026 15:00:00,AIS,105,11,14,1
05/09/2026 01:27:10,Class A,244678000,55.674257,11.017907,At anchor,-8.7,0.7,14.7,307,9393345,PBLW,THUN GARLAND,Tanker,,15,116,GPS,5.0,DK KAL PEC 321,04/09/2026 15:00:00,AIS,105,11,14,1
05/09/2026 01:27:10,Class A,244678000,55.674257,11.017907,At anchor,-8.7,0.7,14.7,307,9393345,PBLW,THUN GARLAND,Tanker,,15,116,GPS,5.0,DK KAL PEC 321,04/09/2026 15:00:00,AIS,105,11,14,1
05/09/2026 01:27:22,Class A,563259900,58.198855,11.220382,At anchor,-0.4,0.0,254.9,152,9833656,9VDO6,NAVIG8 GRACE,Tanker,,32,183,GPS,7.6,SEBRO,04/09/2026 13:00:00,AIS,147,36,9,23
05/09/2026 01:29:12,Class A,255916087,55.556663,9.762630,Moored,0.0,0.0,26.3,300,1025411,CQ2516,CAPTAIN M.KYRIAKOU,Tanker,No additional information,23,150,GPS,6.2,DKFRC,04/09/2026 09:00:00,AIS,123,27,2,21
05/09/2026 01:29:22,Class A,219022047,55.462082,8.443662,Under way using engine,0.0,0.0,341.6,229,8661020,OUBJ2,FONIKS SUPPORTER,Tanker,No additional information,9,25,GPS,2.0,ESBJERG,24/03/2027 14:00:00,AIS,17,8,5,4
05/09/2026 01:30:06,Class A,244678000,55.674715,11.018208,At anchor,-8.7,0.3,17.6,274,9393345,PBLW,THUN GARLAND,Tanker,,15,116,GPS,5.0,DK KAL PEC 321,04/09/2026 15:00:00,AIS,105,11,14,1
05/09/2026 01:30:06,Class A,244678000,55.674715,11.018208,At anchor,-8.7,0.3,17.6,274,9393345,PBLW,THUN GARLAND,Tanker,,15,116,GPS,5.0,DK KAL PEC 321,04/09/2026 15:00:00,AIS,105,11,14,1
05/09/2026 01:30:08,Class A,255916087,55.556658,9.762627,Moored,0.0,0.0,26.3,300,1025411,CQ2516,CAPTAIN M.KYRIAKOU,Tanker,No additional information,23,150,GPS,6.2,DKFRC,04/09/2026 09:00:00,AIS,123,27,2,21
05/09/2026 01:30:08,Class A,255916087,55.556658,9.762627,Moored,0.0,0.0,26.3,300,1025411,CQ2516,CAPTAIN M.KYRIAKOU,Tanker,No additional information,23,150,GPS,6.2,DKFRC,04/09/2026 09:00:00,AIS,123,27,2,21
05/09/2026 01:32:03,Class A,244678000,55.674715,11.018208,At anchor,-8.7,0.3,17.6,274,9393345,PBLW,THUN GARLAND,Tanker,,15,116,GPS,5.0,DK KAL PEC 321,04/09/2026 15:00:00,AIS,105,11,14,1
05/09/2026 01:32:42,Class A,219022047,55.462082,8.443660,Under way using engine,0.0,0.0,233.7,229,8661020,OUBJ2,FONIKS SUPPORTER,Tanker,No additional information,9,25,GPS,2.0,ESBJERG,24/03/2027 14:00:00,AIS,17,8,5,4
05/09/2026 01:33:08,Class A,255916087,55.556663,9.762637,Moored,0.0,0.0,26.3,300,1025411,CQ2516,CAPTAIN M.KYRIAKOU,Tanker,No additional information,23,150,GPS,6.2,DKFRC,04/09/2026 09:00:00,AIS,123,27,2,21
05/09/2026 01:33:08,Class A,255916087,55.556663,9.762637,Moored,0.0,0.0,26.3,300,1025411,CQ2516,CAPTAIN M.KYRIAKOU,Tanker,No additional information,23,150,GPS,6.2,DKFRC,04/09/2026 09:00:00,AIS,123,27,2,21
05/09/2026 01:33:08,Class A,244678000,55.674553,11.017998,At anchor,3.6,0.4,194.5,262,9393345,PBLW,THUN GARLAND,Tanker,,15,116,GPS,5.0,DK KAL PEC 321,04/09/2026 15:00:00,AIS,105,11,14,1
05/09/2026 01:33:22,Class A,563259900,58.198813,11.220345,At anchor,0.7,0.0,254.9,151,9833656,9VDO6,NAVIG8 GRACE,Tanker,,32,183,GPS,7.6,SEBRO,04/09/2026 13:00:00,AIS,147,36,9,23
05/09/2026 01:35:03,Class A,219022047,55.462082,8.443660,Under way using engine,0.0,0.1,203.9,227,8661020,OUBJ2,FONIKS SUPPORTER,Tanker,No additional information,9,25,GPS,2.0,ESBJERG,24/03/2027 14:00:00,AIS,17,8,5,4
05/09/2026 01:35:12,Class A,255916087,55.556663,9.762637,Moored,0.0,0.0,26.3,300,1025411,CQ2516,CAPTAIN M.KYRIAKOU,Tanker,No additional information,23,150,GPS,6.2,DKFRC,04/09/2026 09:00:00,AIS,123,27,2,21
05/09/2026 01:35:12,Class A,255916087,55.556663,9.762637,Moored,0.0,0.0,26.3,300,1025411,CQ2516,CAPTAIN M.KYRIAKOU,Tanker,No additional information,23,150,GPS,6.2,DKFRC,04/09/2026 09:00:00,AIS,123,27,2,21
05/09/2026 01:36:08,Class A,244678000,55.674115,11.017903,At anchor,17.9,0.4,182.5,294,9393345,PBLW,THUN GARLAND,Tanker,,15,116,GPS,5.0,DK KAL PEC 321,04/09/2026 15:00:00,AIS,105,11,14,1
05/09/2026 01:36:08,Class A,255916087,55.556672,9.762623,Moored,0.0,0.0,26.3,300,1025411,CQ2516,CAPTAIN M.KYRIAKOU,Tanker,No additional information,23,150,GPS,6.2,DKFRC,04/09/2026 09:00:00,AIS,123,27,2,21
05/09/2026 01:36:08,Class A,255916087,55.556672,9.762623,Moored,0.0,0.0,26.3,300,1025411,CQ2516,CAPTAIN M.KYRIAKOU,Tanker,No additional information,23,150,GPS,6.2,DKFRC,04/09/2026 09:00:00,AIS,123,27,2,21
05/09/2026 01:36:50,Class A,563259900,58.198813,11.220345,At anchor,0.7,0.0,254.9,151,9833656,9VDO6,NAVIG8 GRACE,Tanker,,32,183,GPS,7.6,SEBRO,04/09/2026 13:00:00,AIS,147,36,9,23
05/09/2026 01:37:42,Class A,219022047,55.462083,8.443658,Under way using engine,0.0,0.0,252.4,228,8661020,OUBJ2,FONIKS SUPPORTER,Tanker,No additional information,9,25,GPS,2.0,ESBJERG,24/03/2027 14:00:00,AIS,17,8,5,4
05/09/2026 01:38:03,Class A,244678000,55.674115,11.017903,At anchor,17.9,0.4,182.5,294,9393345,PBLW,THUN GARLAND,Tanker,,15,116,GPS,5.0,DK KAL PEC 321,04/09/2026 15:00:00,AIS,105,11,14,1
05/09/2026 01:39:07,Class A,244678000,55.674302,11.017912,At anchor,-7.5,0.5,19.6,306,9393345,PBLW,THUN GARLAND,Tanker,,15,116,GPS,5.0,DK KAL PEC 321,04/09/2026 15:00:00,AIS,105,11,14,1
05/09/2026 01:39:07,Class A,244678000,55.674302,11.017912,At anchor,-7.5,0.5,19.6,306,9393345,PBLW,THUN GARLAND,Tanker,,15,116,GPS,5.0,DK KAL PEC 321,04/09/2026 15:00:00,AIS,105,11,14,1
05/09/2026 01:39:08,Class A,255916087,55.556660,9.762658,Moored,0.0,0.0,26.3,300,1025411,CQ2516,CAPTAIN M.KYRIAKOU,Tanker,No additional information,23,150,GPS,6.2,DKFRC,04/09/2026 09:00:00,AIS,123,27,2,21
05/09/2026 01:39:08,Class A,255916087,55.556660,9.762658,Moored,0.0,0.0,26.3,300,1025411,CQ2516,CAPTAIN M.KYRIAKOU,Tanker,No additional information,23,150,GPS,6.2,DKFRC,04/09/2026 09:00:00,AIS,123,27,2,21
05/09/2026 01:40:21,Class A,219022047,55.462083,8.443662,Under way using engine,0.0,0.0,138.3,228,8661020,OUBJ2,FONIKS SUPPORTER,Tanker,No additional information,9,25,GPS,2.0,ESBJERG,24/03/2027 14:00:00,AIS,17,8,5,4
05/09/2026 01:41:12,Class A,255916087,55.556660,9.762658,Moored,0.0,0.0,26.3,300,1025411,CQ2516,CAPTAIN M.KYRIAKOU,Tanker,No additional information,23,150,GPS,6.2,DKFRC,04/09/2026 09:00:00,AIS,123,27,2,21
05/09/2026 01:41:12,Class A,255916087,55.556660,9.762658,Moored,0.0,0.0,26.3,300,1025411,CQ2516,CAPTAIN M.KYRIAKOU,Tanker,No additional information,23,150,GPS,6.2,DKFRC,04/09/2026 09:00:00,AIS,123,27,2,21
05/09/2026 01:42:06,Class A,244678000,55.674658,11.018200,At anchor,-10.0,0.3,20.7,278,9393345,PBLW,THUN GARLAND,Tanker,,15,116,GPS,5.0,DK KAL PEC 321,04/09/2026 15:00:00,AIS,105,11,14,1
05/09/2026 01:42:06,Class A,244678000,55.674658,11.018200,At anchor,-10.0,0.3,20.7,278,9393345,PBLW,THUN GARLAND,Tanker,,15,116,GPS,5.0,DK KAL PEC 321,04/09/2026 15:00:00,AIS,105,11,14,1
05/09/2026 01:42:08,Class A,255916087,55.556663,9.762623,Moored,0.0,0.0,26.3,300,1025411,CQ2516,CAPTAIN M.KYRIAKOU,Tanker,No additional information,23,150,GPS,6.2,DKFRC,04/09/2026 09:00:00,AIS,123,27,2,21
05/09/2026 01:42:08,Class A,255916087,55.556663,9.762623,Moored,0.0,0.0,26.3,300,1025411,CQ2516,CAPTAIN M.KYRIAKOU,Tanker,No additional information,23,150,GPS,6.2,DKFRC,04/09/2026 09:00:00,AIS,123,27,2,21
05/09/2026 01:42:23,Class A,563259900,58.198862,11.220525,At anchor,2.9,0.2,97.7,159,9833656,9VDO6,NAVIG8 GRACE,Tanker,,32,183,GPS,7.6,SEBRO,04/09/2026 13:00:00,AIS,147,36,9,23
05/09/2026 01:43:23,Class A,219022047,55.462087,8.443662,Under way using engine,0.0,0.1,191.2,230,8661020,OUBJ2,FONIKS SUPPORTER,Tanker,No additional information,9,25,GPS,2.0,ESBJERG,24/03/2027 14:00:00,AIS,17,8,5,4
05/09/2026 01:44:03,Class A,244678000,55.674658,11.018200,At anchor,-10.0,0.3,20.7,278,9393345,PBLW,THUN GARLAND,Tanker,,15,116,GPS,5.0,DK KAL PEC 321,04/09/2026 15:00:00,AIS,105,11,14,1
05/09/2026 01:45:08,Class A,255916087,55.556673,9.762617,Moored,0.0,0.0,26.3,300,1025411,CQ2516,CAPTAIN M.KYRIAKOU,Tanker,No additional information,23,150,GPS,6.2,DKFRC,04/09/2026 09:00:00,AIS,123,27,2,21
05/09/2026 01:45:08,Class A,255916087,55.556673,9.762617,Moored,0.0,0.0,26.3,300,1025411,CQ2516,CAPTAIN M.KYRIAKOU,Tanker,No additional information,23,150,GPS,6.2,DKFRC,04/09/2026 09:00:00,AIS,123,27,2,21
05/09/2026 01:47:03,Class A,219022047,55.462085,8.443665,Under way using engine,0.0,0.0,64.2,227,8661020,OUBJ2,FONIKS SUPPORTER,Tanker,No additional information,9,25,GPS,2.0,ESBJERG,24/03/2027 14:00:00,AIS,17,8,5,4
05/09/2026 01:47:12,Class A,255916087,55.556673,9.762617,Moored,0.0,0.0,26.3,300,1025411,CQ2516,CAPTAIN M.KYRIAKOU,Tanker,No additional information,23,150,GPS,6.2,DKFRC,04/09/2026 09:00:00,AIS,123,27,2,21
05/09/2026 01:47:12,Class A,255916087,55.556673,9.762617,Moored,0.0,0.0,26.3,300,1025411,CQ2516,CAPTAIN M.KYRIAKOU,Tanker,No additional information,23,150,GPS,6.2,DKFRC,04/09/2026 09:00:00,AIS,123,27,2,21
05/09/2026 01:48:04,Class A,244678000,55.674218,11.017902,At anchor,10.0,0.3,177.7,282,9393345,PBLW,THUN GARLAND,Tanker,,15,116,GPS,5.0,DK KAL PEC 321,04/09/2026 15:00:00,AIS,105,11,14,1
05/09/2026 01:48:08,Class A,255916087,55.556663,9.762633,Moored,0.0,0.0,26.3,300,1025411,CQ2516,CAPTAIN M.KYRIAKOU,Tanker,No additional information,23,150,GPS,6.2,DKFRC,04/09/2026 09:00:00,AIS,123,27,2,21
05/09/2026 01:48:08,Class A,255916087,55.556663,9.762633,Moored,0.0,0.0,26.3,300,1025411,CQ2516,CAPTAIN M.KYRIAKOU,Tanker,No additional information,23,150,GPS,6.2,DKFRC,04/09/2026 09:00:00,AIS,123,27,2,21
05/09/2026 01:50:03,Class A,219022047,55.462085,8.443665,Under way using engine,0.0,0.1,18.3,231,8661020,OUBJ2,FONIKS SUPPORTER,Tanker,No additional information,9,25,GPS,2.0,ESBJERG,24/03/2027 14:00:00,AIS,17,8,5,4
05/09/2026 01:50:03,Class A,244678000,55.674218,11.017902,At anchor,10.0,0.3,177.7,282,9393345,PBLW,THUN GARLAND,Tanker,,15,116,GPS,5.0,DK KAL PEC 321,04/09/2026 15:00:00,AIS,105,11,14,1
05/09/2026 01:51:08,Class A,255916087,55.556677,9.762670,Moored,0.0,0.0,26.3,300,1025411,CQ2516,CAPTAIN M.KYRIAKOU,Tanker,No additional information,23,150,GPS,6.2,DKFRC,04/09/2026 09:00:00,AIS,123,27,2,21
05/09/2026 01:51:08,Class A,255916087,55.556677,9.762670,Moored,0.0,0.0,26.3,300,1025411,CQ2516,CAPTAIN M.KYRIAKOU,Tanker,No additional information,23,150,GPS,6.2,DKFRC,04/09/2026 09:00:00,AIS,123,27,2,21
05/09/2026 01:53:10,Class A,219022047,55.462087,8.443667,Under way using engine,0.0,0.0,65.1,231,8661020,OUBJ2,FONIKS SUPPORTER,Tanker,No additional information,9,25,GPS,2.0,ESBJERG,24/03/2027 14:00:00,AIS,17,8,5,4
05/09/2026 01:53:12,Class A,255916087,55.556677,9.762670,Moored,0.0,0.0,26.3,300,1025411,CQ2516,CAPTAIN M.KYRIAKOU,Tanker,No additional information,23,150,GPS,6.2,DKFRC,04/09/2026 09:00:00,AIS,123,27,2,21
05/09/2026 01:54:05,Class A,244678000,55.674640,11.018150,At anchor,-12.9,0.5,17.9,283,9393345,PBLW,THUN GARLAND,Tanker,,15,116,GPS,5.0,DK KAL PEC 321,04/09/2026 15:00:00,AIS,105,11,14,1
05/09/2026 01:54:08,Class A,255916087,55.556672,9.762670,Moored,0.0,0.0,26.3,300,1025411,CQ2516,CAPTAIN M.KYRIAKOU,Tanker,No additional information,23,150,GPS,6.2,DKFRC,04/09/2026 09:00:00,AIS,123,27,2,21
05/09/2026 01:54:08,Class A,255916087,55.556672,9.762670,Moored,0.0,0.0,26.3,300,1025411,CQ2516,CAPTAIN M.KYRIAKOU,Tanker,No additional information,23,150,GPS,6.2,DKFRC,04/09/2026 09:00:00,AIS,123,27,2,21
05/09/2026 01:56:03,Class A,244678000,55.674640,11.018150,At anchor,-12.9,0.5,17.9,283,9393345,PBLW,THUN GARLAND,Tanker,,15,116,GPS,5.0,DK KAL PEC 321,04/09/2026 15:00:00,AIS,105,11,14,1
05/09/2026 01:56:03,Class A,244678000,55.674640,11.018150,At anchor,-12.9,0.5,17.9,283,9393345,PBLW,THUN GARLAND,Tanker,,15,116,GPS,5.0,DK KAL PEC 321,04/09/2026 15:00:00,AIS,105,11,14,1
05/09/2026 01:56:03,Class A,244678000,55.674640,11.018150,At anchor,-12.9,0.5,17.9,283,9393345,PBLW,THUN GARLAND,Tanker,,15,116,GPS,5.0,DK KAL PEC 321,04/09/2026 15:00:00,AIS,105,11,14,1
05/09/2026 01:56:13,Class A,219022047,55.462085,8.443665,Under way using engine,0.0,0.0,47.8,231,8661020,OUBJ2,FONIKS SUPPORTER,Tanker,No additional information,9,25,GPS,2.0,ESBJERG,24/03/2027 14:00:00,AIS,17,8,5,4
05/09/2026 01:57:08,Class A,255916087,55.556668,9.762638,Moored,0.0,0.0,26.3,300,1025411,CQ2516,CAPTAIN M.KYRIAKOU,Tanker,No additional information,23,150,GPS,6.2,DKFRC,04/09/2026 09:00:00,AIS,123,27,2,21
05/09/2026 01:57:08,Class A,255916087,55.556668,9.762638,Moored,0.0,0.0,26.3,300,1025411,CQ2516,CAPTAIN M.KYRIAKOU,Tanker,No additional information,23,150,GPS,6.2,DKFRC,04/09/2026 09:00:00,AIS,123,27,2,21
05/09/2026 01:57:10,Class A,244678000,55.674817,11.018130,At anchor,0.7,0.1,355.8,257,9393345,PBLW,THUN GARLAND,Tanker,,15,116,GPS,5.0,DK KAL PEC 321,04/09/2026 15:00:00,AIS,105,11,14,1
05/09/2026 01:57:10,Class A,244678000,55.674817,11.018130,At anchor,0.7,0.1,355.8,257,9393345,PBLW,THUN GARLAND,Tanker,,15,116,GPS,5.0,DK KAL PEC 321,04/09/2026 15:00:00,AIS,105,11,14,1
05/09/2026 01:57:10,Class A,244678000,55.674817,11.018130,At anchor,0.7,0.1,355.8,257,9393345,PBLW,THUN GARLAND,Tanker,,15,116,GPS,5.0,DK KAL PEC 321,04/09/2026 15:00:00,AIS,105,11,14,1
05/09/2026 01:59:12,Class A,255916087,55.556668,9.762638,Moored,0.0,0.0,26.3,300,1025411,CQ2516,CAPTAIN M.KYRIAKOU,Tanker,No additional information,23,150,GPS,6.2,DKFRC,04/09/2026 09:00:00,AIS,123,27,2,21
05/09/2026 01:59:12,Class A,255916087,55.556668,9.762638,Moored,0.0,0.0,26.3,300,1025411,CQ2516,CAPTAIN M.KYRIAKOU,Tanker,No additional information,23,150,GPS,6.2,DKFRC,04/09/2026 09:00:00,AIS,123,27,2,21
05/09/2026 01:59:22,Class A,219022047,55.462087,8.443663,Under way using engine,0.0,0.0,214.9,235,8661020,OUBJ2,FONIKS SUPPORTER,Tanker,No additional information,9,25,GPS,2.0,ESBJERG,24/03/2027 14:00:00,AIS,17,8,5,4
05/09/2026 02:00:08,Class A,255916087,55.556648,9.762633,Moored,0.0,0.0,26.3,300,1025411,CQ2516,CAPTAIN M.KYRIAKOU,Tanker,No additional information,23,150,GPS,6.2,DKFRC,04/09/2026 09:00:00,AIS,123,27,2,21
05/09/2026 02:00:08,Class A,255916087,55.556648,9.762633,Moored,0.0,0.0,26.3,300,1025411,CQ2516,CAPTAIN M.KYRIAKOU,Tanker,No additional information,23,150,GPS,6.2,DKFRC,04/09/2026 09:00:00,AIS,123,27,2,21
05/09/2026 02:01:32,Class A,219022047,55.462087,8.443667,Under way using engine,0.0,0.1,215.0,228,8661020,OUBJ2,FONIKS SUPPORTER,Tanker,No additional information,9,25,GPS,2.0,ESBJERG,24/03/2027 14:00:00,AIS,17,8,5,4
05/09/2026 02:02:03,Class A,244678000,55.674817,11.018130,At anchor,0.7,0.1,355.8,257,9393345,PBLW,THUN GARLAND,Tanker,,15,116,GPS,5.0,DK KAL PEC 321,04/09/2026 15:00:00,AIS,105,11,14,1
05/09/2026 02:02:03,Class A,244678000,55.674817,11.018130,At anchor,0.7,0.1,355.8,257,9393345,PBLW,THUN GARLAND,Tanker,,15,116,GPS,5.0,DK KAL PEC 321,04/09/2026 15:00:00,AIS,105,11,14,1
05/09/2026 02:03:08,Class A,255916087,55.556667,9.762620,Moored,0.0,0.0,26.3,300,1025411,CQ2516,CAPTAIN M.KYRIAKOU,Tanker,No additional information,23,150,GPS,6.2,DKFRC,04/09/2026 09:00:00,AIS,123,27,2,21
05/09/2026 02:03:08,Class A,255916087,55.556667,9.762620,Moored,0.0,0.0,26.3,300,1025411,CQ2516,CAPTAIN M.KYRIAKOU,Tanker,No additional information,23,150,GPS,6.2,DKFRC,04/09/2026 09:00:00,AIS,123,27,2,21
05/09/2026 02:03:11,Class A,244678000,55.674220,11.018003,At anchor,12.9,0.1,177.6,298,9393345,PBLW,THUN GARLAND,Tanker,,15,116,GPS,5.0,DK KAL PEC 321,04/09/2026 15:00:00,AIS,105,11,14,1
05/09/2026 02:03:11,Class A,244678000,55.674220,11.018003,At anchor,12.9,0.1,177.6,298,9393345,PBLW,THUN GARLAND,Tanker,,15,116,GPS,5.0,DK KAL PEC 321,04/09/2026 15:00:00,AIS,105,11,14,1
05/09/2026 02:03:23,Class A,563259900,58.198962,11.221253,At anchor,2.2,0.2,108.7,176,9833656,9VDO6,NAVIG8 GRACE,Tanker,,32,183,GPS,7.6,SEBRO,04/09/2026 13:00:00,AIS,147,36,9,23
05/09/2026 02:04:02,Class A,219022047,55.462085,8.443665,Under way using engine,0.0,0.1,100.4,225,8661020,OUBJ2,FONIKS SUPPORTER,Tanker,No additional information,9,25,GPS,2.0,ESBJERG,24/03/2027 14:00:00,AIS,17,8,5,4
05/09/2026 02:05:12,Class A,255916087,55.556667,9.762620,Moored,0.0,0.0,26.3,300,1025411,CQ2516,CAPTAIN M.KYRIAKOU,Tanker,No additional information,23,150,GPS,6.2,DKFRC,04/09/2026 09:00:00,AIS,123,27,2,21
05/09/2026 02:05:12,Class A,255916087,55.556667,9.762620,Moored,0.0,0.0,26.3,300,1025411,CQ2516,CAPTAIN M.KYRIAKOU,Tanker,No additional information,23,150,GPS,6.2,DKFRC,04/09/2026 09:00:00,AIS,123,27,2,21
05/09/2026 02:06:07,Class A,244678000,55.674715,11.017865,At anchor,-16.1,0.8,350.6,291,9393345,PBLW,THUN GARLAND,Tanker,,15,116,GPS,5.0,DK KAL PEC 321,04/09/2026 15:00:00,AIS,105,11,14,1
05/09/2026 02:06:08,Class A,255916087,55.556677,9.762638,Moored,0.0,0.0,26.3,300,1025411,CQ2516,CAPTAIN M.KYRIAKOU,Tanker,No additional information,23,150,GPS,6.2,DKFRC,04/09/2026 09:00:00,AIS,123,27,2,21
05/09/2026 02:06:08,Class A,255916087,55.556677,9.762638,Moored,0.0,0.0,26.3,300,1025411,CQ2516,CAPTAIN M.KYRIAKOU,Tanker,No additional information,23,150,GPS,6.2,DKFRC,04/09/2026 09:00:00,AIS,123,27,2,21
05/09/2026 02:06:43,Class A,219022047,55.462083,8.443660,Under way using engine,0.0,0.1,164.7,228,8661020,OUBJ2,FONIKS SUPPORTER,Tanker,No additional information,9,25,GPS,2.0,ESBJERG,24/03/2027 14:00:00,AIS,17,8,5,4
05/09/2026 02:08:03,Class A,244678000,55.674715,11.017865,At anchor,-16.1,0.8,350.6,291,9393345,PBLW,THUN GARLAND,Tanker,,15,116,GPS,5.0,DK KAL PEC 321,04/09/2026 15:00:00,AIS,105,11,14,1
05/09/2026 02:09:03,Class A,244678000,55.675015,11.016378,At anchor,-4.5,0.9,269.5,266,9393345,PBLW,THUN GARLAND,Tanker,,15,116,GPS,5.0,DK KAL PEC 321,04/09/2026 15:00:00,AIS,105,11,14,1
05/09/2026 02:09:03,Class A,244678000,55.675015,11.016378,At anchor,-4.5,0.9,269.5,266,9393345,PBLW,THUN GARLAND,Tanker,,15,116,GPS,5.0,DK KAL PEC 321,04/09/2026 15:00:00,AIS,105,11,14,1
05/09/2026 02:09:03,Class A,244678000,55.675015,11.016378,At anchor,-4.5,0.9,269.5,266,9393345,PBLW,THUN GARLAND,Tanker,,15,116,GPS,5.0,DK KAL PEC 321,04/09/2026 15:00:00,AIS,105,11,14,1
05/09/2026 02:09:08,Class A,255916087,55.556663,9.762625,Moored,0.0,0.0,26.3,300,1025411,CQ2516,CAPTAIN M.KYRIAKOU,Tanker,No additional information,23,150,GPS,6.2,DKFRC,04/09/2026 09:00:00,AIS,123,27,2,21
05/09/2026 02:09:08,Class A,255916087,55.556663,9.762625,Moored,0.0,0.0,26.3,300,1025411,CQ2516,CAPTAIN M.KYRIAKOU,Tanker,No additional information,23,150,GPS,6.2,DKFRC,04/09/2026 09:00:00,AIS,123,27,2,21
05/09/2026 02:09:22,Class A,219022047,55.462083,8.443660,Under way using engine,0.0,0.1,76.2,231,8661020,OUBJ2,FONIKS SUPPORTER,Tanker,No additional information,9,25,GPS,2.0,ESBJERG,24/03/2027 14:00:00,AIS,17,8,5,4
05/09/2026 02:11:12,Class A,255916087,55.556663,9.762625,Moored,0.0,0.0,26.3,300,1025411,CQ2516,CAPTAIN M.KYRIAKOU,Tanker,No additional information,23,150,GPS,6.2,DKFRC,04/09/2026 09:00:00,AIS,123,27,2,21
05/09/2026 02:11:27,Class A,244678000,55.674843,11.015730,Under way using engine,2.2,0.7,245.0,266,9393345,PBLW,THUN GARLAND,Tanker,,15,116,GPS,5.0,DK KAL PEC 321,04/09/2026 15:00:00,AIS,105,11,14,1
05/09/2026 02:11:27,Class A,244678000,55.674843,11.015730,Under way using engine,2.2,0.7,245.0,266,9393345,PBLW,THUN GARLAND,Tanker,,15,116,GPS,5.0,DK KAL PEC 321,04/09/2026 15:00:00,AIS,105,11,14,1
05/09/2026 02:11:27,Class A,244678000,55.674843,11.015730,Under way using engine,2.2,0.7,245.0,266,9393345,PBLW,THUN GARLAND,Tanker,,15,116,GPS,5.0,DK KAL PEC 321,04/09/2026 15:00:00,AIS,105,11,14,1
05/09/2026 02:11:37,Class A,244678000,55.674828,11.015665,Under way using engine,-0.7,0.8,246.8,266,9393345,PBLW,THUN GARLAND,Tanker,,15,116,GPS,5.0,DK KAL PEC 321,04/09/2026 15:00:00,AIS,105,11,14,1
05/09/2026 02:11:37,Class A,244678000,55.674828,11.015665,Under way using engine,-0.7,0.8,246.8,266,9393345,PBLW,THUN GARLAND,Tanker,,15,116,GPS,5.0,DK KAL PEC 321,04/09/2026 15:00:00,AIS,105,11,14,1
05/09/2026 02:11:37,Class A,244678000,55.674828,11.015665,Under way using engine,-0.7,0.8,246.8,266,9393345,PBLW,THUN GARLAND,Tanker,,15,116,GPS,5.0,DK KAL PEC 321,04/09/2026 15:00:00,AIS,105,11,14,1
05/09/2026 02:11:38,Class A,244678000,55.674828,11.015665,Under way using engine,-0.7,0.8,246.8,266,9393345,PBLW,THUN GARLAND,Tanker,,15,116,GPS,5.0,DK KAL PEC 321,04/09/2026 15:00:00,AIS,105,11,14,1
05/09/2026 02:11:43,Class A,219022047,55.462083,8.443658,Under way using engine,0.0,0.0,264.6,225,8661020,OUBJ2,FONIKS SUPPORTER,Tanker,No additional information,9,25,GPS,2.0,ESBJERG,24/03/2027 14:00:00,AIS,17,8,5,4
05/09/2026 02:11:47,Class A,244678000,55.674813,11.015592,Under way using engine,-3.6,0.9,248.8,267,9393345,PBLW,THUN GARLAND,Tanker,,15,116,GPS,5.0,DK KAL PEC 321,04/09/2026 15:00:00,AIS,105,11,14,1
05/09/2026 02:11:58,Class A,244678000,55.674798,11.015517,Under way using engine,-1.6,0.9,250.7,267,9393345,PBLW,THUN GARLAND,Tanker,,15,116,GPS,5.0,DK KAL PEC 321,04/09/2026 15:00:00,AIS,105,11,14,1
05/09/2026 02:11:58,Class A,244678000,55.674798,11.015517,Under way using engine,-1.6,0.9,250.7,267,9393345,PBLW,THUN GARLAND,Tanker,,15,116,GPS,5.0,DK KAL PEC 321,04/09/2026 15:00:00,AIS,105,11,14,1
05/09/2026 02:11:58,Class A,244678000,55.674798,11.015517,Under way using engine,-1.6,0.9,250.7,267,9393345,PBLW,THUN GARLAND,Tanker,,15,116,GPS,5.0,DK KAL PEC 321,04/09/2026 15:00:00,AIS,105,11,14,1
05/09/2026 02:12:07,Class A,244678000,55.674783,11.015433,Under way using engine,-0.7,1.0,251.9,267,9393345,PBLW,THUN GARLAND,Tanker,,15,116,GPS,5.0,DK KAL PEC 321,04/09/2026 15:00:00,AIS,105,11,14,1
05/09/2026 02:12:08,Class A,255916087,55.556660,9.762652,Moored,0.0,0.0,26.3,300,1025411,CQ2516,CAPTAIN M.KYRIAKOU,Tanker,No additional information,23,150,GPS,6.2,DKFRC,04/09/2026 09:00:00,AIS,123,27,2,21
05/09/2026 02:12:08,Class A,255916087,55.556660,9.762652,Moored,0.0,0.0,26.3,300,1025411,CQ2516,CAPTAIN M.KYRIAKOU,Tanker,No additional information,23,150,GPS,6.2,DKFRC,04/09/2026 09:00:00,AIS,123,27,2,21
05/09/2026 02:12:17,Class A,244678000,55.674768,11.015350,Under way using engine,2.2,1.0,252.6,267,9393345,PBLW,THUN GARLAND,Tanker,,15,116,GPS,5.0,DK KAL PEC 321,04/09/2026 15:00:00,AIS,105,11,14,1
05/09/2026 02:12:17,Class A,244678000,55.674768,11.015350,Under way using engine,2.2,1.0,252.6,267,9393345,PBLW,THUN GARLAND,Tanker,,15,116,GPS,5.0,DK KAL PEC 321,04/09/2026 15:00:00,AIS,105,11,14,1
05/09/2026 02:12:17,Class A,244678000,55.674768,11.015350,Under way using engine,2.2,1.0,252.6,267,9393345,PBLW,THUN GARLAND,Tanker,,15,116,GPS,5.0,DK KAL PEC 321,04/09/2026 15:00:00,AIS,105,11,14,1
05/09/2026 02:12:27,Class A,244678000,55.674750,11.015258,Under way using engine,5.4,1.1,253.6,268,9393345,PBLW,THUN GARLAND,Tanker,,15,116,GPS,5.0,DK KAL PEC 321,04/09/2026 15:00:00,AIS,105,11,14,1
05/09/2026 02:12:27,Class A,244678000,55.674750,11.015258,Under way using engine,5.4,1.1,253.6,268,9393345,PBLW,THUN GARLAND,Tanker,,15,116,GPS,5.0,DK KAL PEC 321,04/09/2026 15:00:00,AIS,105,11,14,1
05/09/2026 02:12:37,Class A,244678000,55.674735,11.015157,Under way using engine,3.6,1.2,255.3,268,9393345,PBLW,THUN GARLAND,Tanker,,15,116,GPS,5.0,DK KAL PEC 321,04/09/2026 15:00:00,AIS,105,11,14,1
05/09/2026 02:12:37,Class A,244678000,55.674735,11.015157,Under way using engine,3.6,1.2,255.3,268,9393345,PBLW,THUN GARLAND,Tanker,,15,116,GPS,5.0,DK KAL PEC 321,04/09/2026 15:00:00,AIS,105,11,14,1
05/09/2026 02:12:38,Class A,244678000,55.674735,11.015157,Under way using engine,3.6,1.2,255.3,268,9393345,PBLW,THUN GARLAND,Tanker,,15,116,GPS,5.0,DK KAL PEC 321,04/09/2026 15:00:00,AIS,105,11,14,1
05/09/2026 02:12:47,Class A,244678000,55.674720,11.015050,Under way using engine,2.9,1.2,256.1,268,9393345,PBLW,THUN GARLAND,Tanker,,15,116,GPS,5.0,DK KAL PEC 321,04/09/2026 15:00:00,AIS,105,11,14,1
05/09/2026 02:12:47,Class A,244678000,55.674720,11.015050,Under way using engine,2.9,1.2,256.1,268,9393345,PBLW,THUN GARLAND,Tanker,,15,116,GPS,5.0,DK KAL PEC 321,04/09/2026 15:00:00,AIS,105,11,14,1
05/09/2026 02:12:47,Class A,244678000,55.674720,11.015050,Under way using engine,2.9,1.2,256.1,268,9393345,PBLW,THUN GARLAND,Tanker,,15,116,GPS,5.0,DK KAL PEC 321,04/09/2026 15:00:00,AIS,105,11,14,1
05/09/2026 02:12:47,Class A,244678000,55.674720,11.015050,Under way using engine,2.9,1.2,256.1,268,9393345,PBLW,THUN GARLAND,Tanker,,15,116,GPS,5.0,DK KAL PEC 321,04/09/2026 15:00:00,AIS,105,11,14,1
05/09/2026 02:12:58,Class A,244678000,55.674705,11.014940,Under way using engine,1.6,1.3,256.2,269,9393345,PBLW,THUN GARLAND,Tanker,,15,116,GPS,5.0,DK KAL PEC 321,04/09/2026 15:00:00,AIS,105,11,14,1
05/09/2026 02:12:58,Class A,244678000,55.674705,11.014940,Under way using engine,1.6,1.3,256.2,269,9393345,PBLW,THUN GARLAND,Tanker,,15,116,GPS,5.0,DK KAL PEC 321,04/09/2026 15:00:00,AIS,105,11,14,1
05/09/2026 02:13:07,Class A,244678000,55.674690,11.014827,Under way using engine,6.4,1.4,257.1,269,9393345,PBLW,THUN GARLAND,Tanker,,15,116,GPS,5.0,DK KAL PEC 321,04/09/2026 15:00:00,AIS,105,11,14,1
05/09/2026 02:13:17,Class A,244678000,55.674675,11.014722,Under way using engine,5.4,1.3,257.0,270,9393345,PBLW,THUN GARLAND,Tanker,,15,116,GPS,5.0,DK KAL PEC 321,04/09/2026 15:00:00,AIS,105,11,14,1
05/09/2026 02:13:17,Class A,244678000,55.674675,11.014722,Under way using engine,5.4,1.3,257.0,270,9393345,PBLW,THUN GARLAND,Tanker,,15,116,GPS,5.0,DK KAL PEC 321,04/09/2026 15:00:00,AIS,105,11,14,1
05/09/2026 02:13:17,Class A,244678000,55.674675,11.014722,Under way using engine,5.4,1.3,257.0,270,9393345,PBLW,THUN GARLAND,Tanker,,15,116,GPS,5.0,DK KAL PEC 321,04/09/2026 15:00:00,AIS,105,11,14,1
05/09/2026 02:13:27,Class A,244678000,55.674662,11.014627,Under way using engine,-0.2,1.2,256.7,271,9393345,PBLW,THUN GARLAND,Tanker,,15,116,GPS,5.0,DK KAL PEC 321,04/09/2026 15:00:00,AIS,105,11,14,1
05/09/2026 02:13:27,Class A,244678000,55.674662,11.014627,Under way using engine,-0.2,1.2,256.7,271,9393345,PBLW,THUN GARLAND,Tanker,,15,116,GPS,5.0,DK KAL PEC 321,04/09/2026 15:00:00,AIS,105,11,14,1
05/09/2026 02:13:37,Class A,244678000,55.674652,11.014542,Under way using engine,2.9,1.0,256.8,271,9393345,PBLW,THUN GARLAND,Tanker,,15,116,GPS,5.0,DK KAL PEC 321,04/09/2026 15:00:00,AIS,105,11,14,1
05/09/2026 02:13:37,Class A,244678000,55.674652,11.014542,Under way using engine,2.9,1.0,256.8,271,9393345,PBLW,THUN GARLAND,Tanker,,15,116,GPS,5.0,DK KAL PEC 321,04/09/2026 15:00:00,AIS,105,11,14,1
05/09/2026 02:13:37,Class A,244678000,55.674652,11.014542,Under way using engine,2.9,1.0,256.8,271,9393345,PBLW,THUN GARLAND,Tanker,,15,116,GPS,5.0,DK KAL PEC 321,04/09/2026 15:00:00,AIS,105,11,14,1
05/09/2026 02:13:47,Class A,244678000,55.674635,11.014460,Under way using engine,7.5,0.9,255.0,272,9393345,PBLW,THUN GARLAND,Tanker,,15,116,GPS,5.0,DK KAL PEC 321,04/09/2026 15:00:00,AIS,105,11,14,1
05/09/2026 02:13:47,Class A,244678000,55.674635,11.014460,Under way using engine,7.5,0.9,255.0,272,9393345,PBLW,THUN GARLAND,Tanker,,15,116,GPS,5.0,DK KAL PEC 321,04/09/2026 15:00:00,AIS,105,11,14,1
05/09/2026 02:13:47,Class A,244678000,55.674635,11.014460,Under way using engine,7.5,0.9,255.0,272,9393345,PBLW,THUN GARLAND,Tanker,,15,116,GPS,5.0,DK KAL PEC 321,04/09/2026 15:00:00,AIS,105,11,14,1
05/09/2026 02:13:58,Class A,244678000,55.674620,11.014388,Under way using engine,8.7,0.9,252.2,273,9393345,PBLW,THUN GARLAND,Tanker,,15,116,GPS,5.0,DK KAL PEC 321,04/09/2026 15:00:00,AIS,105,11,14,1
05/09/2026 02:14:17,Class A,244678000,55.674592,11.014265,Under way using engine,10.0,0.7,248.9,276,9393345,PBLW,THUN GARLAND,Tanker,,15,116,GPS,5.0,DK KAL PEC 321,04/09/2026 15:00:00,AIS,105,11,14,1
05/09/2026 02:14:17,Class A,244678000,55.674592,11.014265,Under way using engine,10.0,0.7,248.9,276,9393345,PBLW,THUN GARLAND,Tanker,,15,116,GPS,5.0,DK KAL PEC 321,04/09/2026 15:00:00,AIS,105,11,14,1
05/09/2026 02:14:27,Class A,244678000,55.674578,11.014218,Under way using engine,10.0,0.7,245.9,278,9393345,PBLW,THUN GARLAND,Tanker,,15,116,GPS,5.0,DK KAL PEC 321,04/09/2026 15:00:00,AIS,105,11,14,1
05/09/2026 02:14:31,Class A,219022047,55.462083,8.443658,Under way using engine,0.0,0.1,282.1,227,8661020,OUBJ2,FONIKS SUPPORTER,Tanker,No additional information,9,25,GPS,2.0,ESBJERG,24/03/2027 14:00:00,AIS,17,8,5,4
05/09/2026 02:14:37,Class A,244678000,55.674567,11.014175,Under way using engine,10.0,0.5,242.9,279,9393345,PBLW,THUN GARLAND,Tanker,,15,116,GPS,5.0,DK KAL PEC 321,04/09/2026 15:00:00,AIS,105,11,14,1
05/09/2026 02:14:47,Class A,244678000,55.674548,11.014133,Under way using engine,10.0,0.5,241.3,281,9393345,PBLW,THUN GARLAND,Tanker,,15,116,GPS,5.0,DK KAL PEC 321,04/09/2026 15:00:00,AIS,105,11,14,1
05/09/2026 02:14:47,Class A,244678000,55.674548,11.014133,Under way using engine,10.0,0.5,241.3,281,9393345,PBLW,THUN GARLAND,Tanker,,15,116,GPS,5.0,DK KAL PEC 321,04/09/2026 15:00:00,AIS,105,11,14,1
05/09/2026 02:15:08,Class A,255916087,55.556663,9.762647,Moored,0.0,0.0,26.3,300,1025411,CQ2516,CAPTAIN M.KYRIAKOU,Tanker,No additional information,23,150,GPS,6.2,DKFRC,04/09/2026 09:00:00,AIS,123,27,2,21
05/09/2026 02:15:08,Class A,255916087,55.556663,9.762647,Moored,0.0,0.0,26.3,300,1025411,CQ2516,CAPTAIN M.KYRIAKOU,Tanker,No additional information,23,150,GPS,6.2,DKFRC,04/09/2026 09:00:00,AIS,123,27,2,21
05/09/2026 02:15:17,Class A,244678000,55.674515,11.014038,Under way using engine,11.4,0.3,237.1,287,9393345,PBLW,THUN GARLAND,Tanker,,15,116,GPS,5.0,DK KAL PEC 321,04/09/2026 15:00:00,AIS,105,11,14,1
05/09/2026 02:15:17,Class A,244678000,55.674515,11.014038,Under way using engine,11.4,0.3,237.1,287,9393345,PBLW,THUN GARLAND,Tanker,,15,116,GPS,5.0,DK KAL PEC 321,04/09/2026 15:00:00,AIS,105,11,14,1
05/09/2026 02:15:17,Class A,244678000,55.674515,11.014038,Under way using engine,11.4,0.3,237.1,287,9393345,PBLW,THUN GARLAND,Tanker,,15,116,GPS,5.0,DK KAL PEC 321,04/09/2026 15:00:00,AIS,105,11,14,1
05/09/2026 02:15:27,Class A,244678000,55.674500,11.014003,Under way using engine,23.6,0.4,235.4,290,9393345,PBLW,THUN GARLAND,Tanker,,15,116,GPS,5.0,DK KAL PEC 321,04/09/2026 15:00:00,AIS,105,11,14,1
05/09/2026 02:15:27,Class A,244678000,55.674500,11.014003,Under way using engine,23.6,0.4,235.4,290,9393345,PBLW,THUN GARLAND,Tanker,,15,116,GPS,5.0,DK KAL PEC 321,04/09/2026 15:00:00,AIS,105,11,14,1
05/09/2026 02:15:27,Class A,244678000,55.674500,11.014003,Under way using engine,23.6,0.4,235.4,290,9393345,PBLW,THUN GARLAND,Tanker,,15,116,GPS,5.0,DK KAL PEC 321,04/09/2026 15:00:00,AIS,105,11,14,1
05/09/2026 02:15:37,Class A,244678000,55.674473,11.013952,Under way using engine,35.0,0.8,229.7,295,9393345,PBLW,THUN GARLAND,Tanker,,15,116,GPS,5.0,DK KAL PEC 321,04/09/2026 15:00:00,AIS,105,11,14,1
05/09/2026 02:15:37,Class A,244678000,55.674473,11.013952,Under way using engine,35.0,0.8,229.7,295,9393345,PBLW,THUN GARLAND,Tanker,,15,116,GPS,5.0,DK KAL PEC 321,04/09/2026 15:00:00,AIS,105,11,14,1
05/09/2026 02:15:39,Class A,244678000,55.674468,11.013945,Under way using engine,35.0,0.8,229.7,296,9393345,PBLW,THUN GARLAND,Tanker,,15,116,GPS,5.0,DK KAL PEC 321,04/09/2026 15:00:00,AIS,105,11,14,1
05/09/2026 02:15:39,Class A,244678000,55.674468,11.013945,Under way using engine,35.0,0.8,229.7,296,9393345,PBLW,THUN GARLAND,Tanker,,15,116,GPS,5.0,DK KAL PEC 321,04/09/2026 15:00:00,AIS,105,11,14,1
05/09/2026 02:15:39,Class A,244678000,55.674465,11.013938,Under way using engine,35.0,0.8,229.7,296,9393345,PBLW,THUN GARLAND,Tanker,,15,116,GPS,5.0,DK KAL PEC 321,04/09/2026 15:00:00,AIS,105,11,14,1
05/09/2026 02:15:39,Class A,244678000,55.674465,11.013938,Under way using engine,35.0,0.8,229.7,296,9393345,PBLW,THUN GARLAND,Tanker,,15,116,GPS,5.0,DK KAL PEC 321,04/09/2026 15:00:00,AIS,105,11,14,1
05/09/2026 02:15:39,Class A,244678000,55.674465,11.013938,Under way using engine,35.0,0.8,229.7,296,9393345,PBLW,THUN GARLAND,Tanker,,15,116,GPS,5.0,DK KAL PEC 321,04/09/2026 15:00:00,AIS,105,11,14,1
05/09/2026 02:15:41,Class A,244678000,55.674458,11.013925,Under way using engine,37.5,0.9,229.1,297,9393345,PBLW,THUN GARLAND,Tanker,,15,116,GPS,5.0,DK KAL PEC 321,04/09/2026 15:00:00,AIS,105,11,14,1
05/09/2026 02:15:41,Class A,244678000,55.674458,11.013925,Under way using engine,37.5,0.9,229.1,297,9393345,PBLW,THUN GARLAND,Tanker,,15,116,GPS,5.0,DK KAL PEC 321,04/09/2026 15:00:00,AIS,105,11,14,1
05/09/2026 02:15:41,Class A,244678000,55.674458,11.013925,Under way using engine,37.5,0.9,229.1,297,9393345,PBLW,THUN GARLAND,Tanker,,15,116,GPS,5.0,DK KAL PEC 321,04/09/2026 15:00:00,AIS,105,11,14,1
05/09/2026 02:15:45,Class A,244678000,55.674447,11.013903,Under way using engine,42.9,1.0,228.7,300,9393345,PBLW,THUN GARLAND,Tanker,,15,116,GPS,5.0,DK KAL PEC 321,04/09/2026 15:00:00,AIS,105,11,14,1
05/09/2026 02:15:45,Class A,244678000,55.674447,11.013903,Under way using engine,42.9,1.0,228.7,300,9393345,PBLW,THUN GARLAND,Tanker,,15,116,GPS,5.0,DK KAL PEC 321,04/09/2026 15:00:00,AIS,105,11,14,1
05/09/2026 02:15:45,Class A,244678000,55.674447,11.013903,Under way using engine,42.9,1.0,228.7,300,9393345,PBLW,THUN GARLAND,Tanker,,15,116,GPS,5.0,DK KAL PEC 321,04/09/2026 15:00:00,AIS,105,11,14,1
05/09/2026 02:15:45,Class A,244678000,55.674447,11.013903,Under way using engine,42.9,1.0,228.7,300,9393345,PBLW,THUN GARLAND,Tanker,,15,116,GPS,5.0,DK KAL PEC 321,04/09/2026 15:00:00,AIS,105,11,14,1
05/09/2026 02:15:47,Class A,244678000,55.674437,11.013878,Under way using engine,42.9,1.1,229.3,302,9393345,PBLW,THUN GARLAND,Tanker,,15,116,GPS,5.0,DK KAL PEC 321,04/09/2026 15:00:00,AIS,105,11,14,1
05/09/2026 02:15:47,Class A,244678000,55.674437,11.013878,Under way using engine,42.9,1.1,229.3,302,9393345,PBLW,THUN GARLAND,Tanker,,15,116,GPS,5.0,DK KAL PEC 321,04/09/2026 15:00:00,AIS,105,11,14,1
05/09/2026 02:15:51,Class A,244678000,55.674425,11.013843,Under way using engine,45.7,1.2,230.9,305,9393345,PBLW,THUN GARLAND,Tanker,,15,116,GPS,5.0,DK KAL PEC 321,04/09/2026 15:00:00,AIS,105,11,14,1
05/09/2026 02:15:51,Class A,244678000,55.674425,11.013843,Under way using engine,45.7,1.2,230.9,305,9393345,PBLW,THUN GARLAND,Tanker,,15,116,GPS,5.0,DK KAL PEC 321,04/09/2026 15:00:00,AIS,105,11,14,1
05/09/2026 02:15:51,Class A,244678000,55.674425,11.013843,Under way using engine,45.7,1.2,230.9,305,9393345,PBLW,THUN GARLAND,Tanker,,15,116,GPS,5.0,DK KAL PEC 321,04/09/2026 15:00:00,AIS,105,11,14,1
05/09/2026 02:15:55,Class A,244678000,55.674413,11.013807,Under way using engine,48.6,1.2,233.1,308,9393345,PBLW,THUN GARLAND,Tanker,,15,116,GPS,5.0,DK KAL PEC 321,04/09/2026 15:00:00,AIS,105,11,14,1
05/09/2026 02:16:02,Class A,244678000,55.674390,11.013743,Under way using engine,54.7,1.4,237.2,314,9393345,PBLW,THUN GARLAND,Tanker,,15,116,GPS,5.0,DK KAL PEC 321,04/09/2026 15:00:00,AIS,105,11,14,1
05/09/2026 02:16:02,Class A,244678000,55.674390,11.013743,Under way using engine,54.7,1.4,237.2,314,9393345,PBLW,THUN GARLAND,Tanker,,15,116,GPS,5.0,DK KAL PEC 321,04/09/2026 15:00:00,AIS,105,11,14,1
05/09/2026 02:16:05,Class A,244678000,55.674387,11.013693,Under way using engine,54.7,1.5,240.2,316,9393345,PBLW,THUN GARLAND,Tanker,,15,116,GPS,5.0,DK KAL PEC 321,04/09/2026 15:00:00,AIS,105,11,14,1
05/09/2026 02:16:05,Class A,244678000,55.674387,11.013693,Under way using engine,54.7,1.5,240.2,316,9393345,PBLW,THUN GARLAND,Tanker,,15,116,GPS,5.0,DK KAL PEC 321,04/09/2026 15:00:00,AIS,105,11,14,1
05/09/2026 02:16:05,Class A,244678000,55.674387,11.013693,Under way using engine,54.7,1.5,240.2,316,9393345,PBLW,THUN GARLAND,Tanker,,15,116,GPS,5.0,DK KAL PEC 321,04/09/2026 15:00:00,AIS,105,11,14,1
05/09/2026 02:16:05,Class A,244678000,55.674387,11.013693,Under way using engine,54.7,1.5,240.2,316,9393345,PBLW,THUN GARLAND,Tanker,,15,116,GPS,5.0,DK KAL PEC 321,04/09/2026 15:00:00,AIS,105,11,14,1
05/09/2026 02:16:07,Class A,244678000,55.674380,11.013668,Under way using engine,54.7,1.5,240.2,318,9393345,PBLW,THUN GARLAND,Tanker,,15,116,GPS,5.0,DK KAL PEC 321,04/09/2026 15:00:00,AIS,105,11,14,1
05/09/2026 02:16:11,Class A,244678000,55.674373,11.013630,Under way using engine,57.9,1.5,243.9,322,9393345,PBLW,THUN GARLAND,Tanker,,15,116,GPS,5.0,DK KAL PEC 321,04/09/2026 15:00:00,AIS,105,11,14,1
05/09/2026 02:16:11,Class A,244678000,55.674373,11.013630,Under way using engine,57.9,1.5,243.9,322,9393345,PBLW,THUN GARLAND,Tanker,,15,116,GPS,5.0,DK KAL PEC 321,04/09/2026 15:00:00,AIS,105,11,14,1
05/09/2026 02:16:11,Class A,244678000,55.674373,11.013630,Under way using engine,57.9,1.5,243.9,322,9393345,PBLW,THUN GARLAND,Tanker,,15,116,GPS,5.0,DK KAL PEC 321,04/09/2026 15:00:00,AIS,105,11,14,1
05/09/2026 02:16:15,Class A,244678000,55.674365,11.013563,Under way using engine,57.9,1.6,248.0,326,9393345,PBLW,THUN GARLAND,Tanker,,15,116,GPS,5.0,DK KAL PEC 321,04/09/2026 15:00:00,AIS,105,11,14,1
05/09/2026 02:16:15,Class A,244678000,55.674365,11.013563,Under way using engine,57.9,1.6,248.0,326,9393345,PBLW,THUN GARLAND,Tanker,,15,116,GPS,5.0,DK KAL PEC 321,04/09/2026 15:00:00,AIS,105,11,14,1
05/09/2026 02:16:15,Class A,244678000,55.674365,11.013563,Under way using engine,57.9,1.6,248.0,326,9393345,PBLW,THUN GARLAND,Tanker,,15,116,GPS,5.0,DK KAL PEC 321,04/09/2026 15:00:00,AIS,105,11,14,1
05/09/2026 02:16:17,Class A,244678000,55.674362,11.013535,Under way using engine,57.9,1.6,250.1,328,9393345,PBLW,THUN GARLAND,Tanker,,15,116,GPS,5.0,DK KAL PEC 321,04/09/2026 15:00:00,AIS,105,11,14,1
05/09/2026 02:16:17,Class A,244678000,55.674362,11.013535,Under way using engine,57.9,1.6,250.1,328,9393345,PBLW,THUN GARLAND,Tanker,,15,116,GPS,5.0,DK KAL PEC 321,04/09/2026 15:00:00,AIS,105,11,14,1
05/09/2026 02:16:17,Class A,244678000,55.674362,11.013535,Under way using engine,57.9,1.6,250.1,328,9393345,PBLW,THUN GARLAND,Tanker,,15,116,GPS,5.0,DK KAL PEC 321,04/09/2026 15:00:00,AIS,105,11,14,1
05/09/2026 02:16:21,Class A,244678000,55.674357,11.013493,Under way using engine,57.9,1.6,254.8,332,9393345,PBLW,THUN GARLAND,Tanker,,15,116,GPS,5.0,DK KAL PEC 321,04/09/2026 15:00:00,AIS,105,11,14,1
05/09/2026 02:16:25,Class A,244678000,55.674357,11.013422,Under way using engine,57.9,1.6,259.6,336,9393345,PBLW,THUN GARLAND,Tanker,,15,116,GPS,5.0,DK KAL PEC 321,04/09/2026 15:00:00,AIS,105,11,14,1
05/09/2026 02:16:31,Class A,244678000,55.674362,11.013337,Under way using engine,61.1,1.7,269.8,343,9393345,PBLW,THUN GARLAND,Tanker,,15,116,GPS,5.0,DK KAL PEC 321,04/09/2026 15:00:00,AIS,105,11,14,1
05/09/2026 02:16:34,Class A,244678000,55.674363,11.013308,Under way using engine,61.1,1.7,272.4,345,9393345,PBLW,THUN GARLAND,Tanker,,15,116,GPS,5.0,DK KAL PEC 321,04/09/2026 15:00:00,AIS,105,11,14,1
05/09/2026 02:16:34,Class A,244678000,55.674363,11.013308,Under way using engine,61.1,1.7,272.4,345,9393345,PBLW,THUN GARLAND,Tanker,,15,116,GPS,5.0,DK KAL PEC 321,04/09/2026 15:00:00,AIS,105,11,14,1
05/09/2026 02:16:34,Class A,244678000,55.674363,11.013308,Under way using engine,61.1,1.7,272.4,345,9393345,PBLW,THUN GARLAND,Tanker,,15,116,GPS,5.0,DK KAL PEC 321,04/09/2026 15:00:00,AIS,105,11,14,1
05/09/2026 02:16:38,Class A,244678000,55.674370,11.013250,Under way using engine,61.1,1.7,277.4,349,9393345,PBLW,THUN GARLAND,Tanker,,15,116,GPS,5.0,DK KAL PEC 321,04/09/2026 15:00:00,AIS,105,11,14,1
05/09/2026 02:16:41,Class A,244678000,55.674387,11.013193,Under way using engine,64.5,1.7,282.7,353,9393345,PBLW,THUN GARLAND,Tanker,,15,116,GPS,5.0,DK KAL PEC 321,04/09/2026 15:00:00,AIS,105,11,14,1
05/09/2026 02:16:41,Class A,244678000,55.674387,11.013193,Under way using engine,64.5,1.7,282.7,353,9393345,PBLW,THUN GARLAND,Tanker,,15,116,GPS,5.0,DK KAL PEC 321,04/09/2026 15:00:00,AIS,105,11,14,1
05/09/2026 02:16:44,Class A,244678000,55.674398,11.013168,Under way using engine,61.1,1.7,285.3,355,9393345,PBLW,THUN GARLAND,Tanker,,15,116,GPS,5.0,DK KAL PEC 321,04/09/2026 15:00:00,AIS,105,11,14,1
05/09/2026 02:16:44,Class A,244678000,55.674398,11.013168,Under way using engine,61.1,1.7,285.3,355,9393345,PBLW,THUN GARLAND,Tanker,,15,116,GPS,5.0,DK KAL PEC 321,04/09/2026 15:00:00,AIS,105,11,14,1
05/09/2026 02:16:44,Class A,244678000,55.674398,11.013168,Under way using engine,61.1,1.7,285.3,355,9393345,PBLW,THUN GARLAND,Tanker,,15,116,GPS,5.0,DK KAL PEC 321,04/09/2026 15:00:00,AIS,105,11,14,1
05/09/2026 02:16:47,Class A,244678000,55.674418,11.013117,Under way using engine,67.9,1.8,290.4,359,9393345,PBLW,THUN GARLAND,Tanker,,15,116,GPS,5.0,DK KAL PEC 321,04/09/2026 15:00:00,AIS,105,11,14,1
05/09/2026 02:16:50,Class A,244678000,55.674435,11.013080,Under way using engine,57.9,1.8,292.9,2,9393345,PBLW,THUN GARLAND,Tanker,,15,116,GPS,5.0,DK KAL PEC 321,04/09/2026 15:00:00,AIS,105,11,14,1
05/09/2026 02:16:50,Class A,244678000,55.674435,11.013080,Under way using engine,57.9,1.8,292.9,2,9393345,PBLW,THUN GARLAND,Tanker,,15,116,GPS,5.0,DK KAL PEC 321,04/09/2026 15:00:00,AIS,105,11,14,1
05/09/2026 02:16:55,Class A,244678000,55.674455,11.013032,Under way using engine,54.7,1.8,297.9,7,9393345,PBLW,THUN GARLAND,Tanker,,15,116,GPS,5.0,DK KAL PEC 321,04/09/2026 15:00:00,AIS,105,11,14,1
05/09/2026 02:16:58,Class A,244678000,55.674478,11.012982,Under way using engine,61.1,1.9,303.4,11,9393345,PBLW,THUN GARLAND,Tanker,,15,116,GPS,5.0,DK KAL PEC 321,04/09/2026 15:00:00,AIS,105,11,14,1
05/09/2026 02:17:00,Class A,244678000,55.674492,11.012962,Under way using engine,64.5,1.9,305.8,13,9393345,PBLW,THUN GARLAND,Tanker,,15,116,GPS,5.0,DK KAL PEC 321,04/09/2026 15:00:00,AIS,105,11,14,1
05/09/2026 02:17:04,Class A,244678000,55.674510,11.012922,Under way using engine,61.1,2.0,311.0,17,9393345,PBLW,THUN GARLAND,Tanker,,15,116,GPS,5.0,DK KAL PEC 321,04/09/2026 15:00:00,AIS,105,11,14,1
05/09/2026 02:17:11,Class A,244678000,55.674570,11.012845,Under way using engine,64.5,2.0,321.7,25,9393345,PBLW,THUN GARLAND,Tanker,,15,116,GPS,5.0,DK KAL PEC 321,04/09/2026 15:00:00,AIS,105,11,14,1
05/09/2026 02:17:11,Class A,244678000,55.674570,11.012845,Under way using engine,64.5,2.0,321.7,25,9393345,PBLW,THUN GARLAND,Tanker,,15,116,GPS,5.0,DK KAL PEC 321,04/09/2026 15:00:00,AIS,105,11,14,1
05/09/2026 02:17:12,Class A,255916087,55.556663,9.762647,Moored,0.0,0.0,26.3,300,1025411,CQ2516,CAPTAIN M.KYRIAKOU,Tanker,No additional information,23,150,GPS,6.2,DKFRC,04/09/2026 09:00:00,AIS,123,27,2,21
05/09/2026 02:17:12,Class A,255916087,55.556663,9.762647,Moored,0.0,0.0,26.3,300,1025411,CQ2516,CAPTAIN M.KYRIAKOU,Tanker,No additional information,23,150,GPS,6.2,DKFRC,04/09/2026 09:00:00,AIS,123,27,2,21
05/09/2026 02:17:17,Class A,244678000,55.674623,11.012802,Under way using engine,45.7,2.0,327.0,30,9393345,PBLW,THUN GARLAND,Tanker,,15,116,GPS,5.0,DK KAL PEC 321,04/09/2026 15:00:00,AIS,105,11,14,1
05/09/2026 02:17:21,Class A,244678000,55.674660,11.012777,Under way using engine,45.7,2.1,334.0,34,9393345,PBLW,THUN GARLAND,Tanker,,15,116,GPS,5.0,DK KAL PEC 321,04/09/2026 15:00:00,AIS,105,11,14,1
05/09/2026 02:17:24,Class A,244678000,55.674660,11.012777,Under way using engine,45.7,2.1,334.0,34,9393345,PBLW,THUN GARLAND,Tanker,,15,116,GPS,5.0,DK KAL PEC 321,04/09/2026 15:00:00,AIS,105,11,14,1
05/09/2026 02:17:25,Class A,244678000,55.674697,11.012765,Under way using engine,51.6,2.1,339.9,38,9393345,PBLW,THUN GARLAND,Tanker,,15,116,GPS,5.0,DK KAL PEC 321,04/09/2026 15:00:00,AIS,105,11,14,1
05/09/2026 02:17:25,Class A,244678000,55.674697,11.012765,Under way using engine,51.6,2.1,339.9,38,9393345,PBLW,THUN GARLAND,Tanker,,15,116,GPS,5.0,DK KAL PEC 321,04/09/2026 15:00:00,AIS,105,11,14,1
05/09/2026 02:17:27,Class A,244678000,55.674715,11.012760,Under way using engine,61.1,2.1,342.8,40,9393345,PBLW,THUN GARLAND,Tanker,,15,116,GPS,5.0,DK KAL PEC 321,04/09/2026 15:00:00,AIS,105,11,14,1
05/09/2026 02:17:27,Class A,244678000,55.674715,11.012760,Under way using engine,61.1,2.1,342.8,40,9393345,PBLW,THUN GARLAND,Tanker,,15,116,GPS,5.0,DK KAL PEC 321,04/09/2026 15:00:00,AIS,105,11,14,1
05/09/2026 02:17:31,Class A,244678000,55.674757,11.012753,Under way using engine,61.1,2.1,347.8,44,9393345,PBLW,THUN GARLAND,Tanker,,15,116,GPS,5.0,DK KAL PEC 321,04/09/2026 15:00:00,AIS,105,11,14,1
05/09/2026 02:17:34,Class A,244678000,55.674775,11.012750,Under way using engine,54.7,2.1,350.0,46,9393345,PBLW,THUN GARLAND,Tanker,,15,116,GPS,5.0,DK KAL PEC 321,04/09/2026 15:00:00,AIS,105,11,14,1
05/09/2026 02:17:34,Class A,244678000,55.674775,11.012750,Under way using engine,54.7,2.1,350.0,46,9393345,PBLW,THUN GARLAND,Tanker,,15,116,GPS,5.0,DK KAL PEC 321,04/09/2026 15:00:00,AIS,105,11,14,1
05/09/2026 02:17:38,Class A,244678000,55.674817,11.012748,Under way using engine,54.7,2.2,354.2,50,9393345,PBLW,THUN GARLAND,Tanker,,15,116,GPS,5.0,DK KAL PEC 321,04/09/2026 15:00:00,AIS,105,11,14,1
05/09/2026 02:17:38,Class A,244678000,55.674817,11.012748,Under way using engine,54.7,2.2,354.2,50,9393345,PBLW,THUN GARLAND,Tanker,,15,116,GPS,5.0,DK KAL PEC 321,04/09/2026 15:00:00,AIS,105,11,14,1
05/09/2026 02:17:42,Class A,244678000,55.674870,11.012753,Under way using engine,57.9,2.2,358.1,54,9393345,PBLW,THUN GARLAND,Tanker,,15,116,GPS,5.0,DK KAL PEC 321,04/09/2026 15:00:00,AIS,105,11,14,1
05/09/2026 02:17:42,Class A,244678000,55.674870,11.012753,Under way using engine,57.9,2.2,358.1,54,9393345,PBLW,THUN GARLAND,Tanker,,15,116,GPS,5.0,DK KAL PEC 321,04/09/2026 15:00:00,AIS,105,11,14,1
05/09/2026 02:17:43,Class A,219022047,55.462082,8.443655,Under way using engine,0.0,0.1,212.6,228,8661020,OUBJ2,FONIKS SUPPORTER,Tanker,No additional information,9,25,GPS,2.0,ESBJERG,24/03/2027 14:00:00,AIS,17,8,5,4
05/09/2026 02:17:44,Class A,244678000,55.674888,11.012758,Under way using engine,57.9,2.2,359.7,57,9393345,PBLW,THUN GARLAND,Tanker,,15,116,GPS,5.0,DK KAL PEC 321,04/09/2026 15:00:00,AIS,105,11,14,1
05/09/2026 02:17:48,Class A,244678000,55.674935,11.012772,Under way using engine,54.7,2.3,3.3,61,9393345,PBLW,THUN GARLAND,Tanker,,15,116,GPS,5.0,DK KAL PEC 321,04/09/2026 15:00:00,AIS,105,11,14,1
05/09/2026 02:17:48,Class A,244678000,55.674935,11.012772,Under way using engine,54.7,2.3,3.3,61,9393345,PBLW,THUN GARLAND,Tanker,,15,116,GPS,5.0,DK KAL PEC 321,04/09/2026 15:00:00,AIS,105,11,14,1
05/09/2026 02:17:50,Class A,244678000,55.674955,11.012782,Under way using engine,64.5,2.3,5.1,63,9393345,PBLW,THUN GARLAND,Tanker,,15,116,GPS,5.0,DK KAL PEC 321,04/09/2026 15:00:00,AIS,105,11,14,1
05/09/2026 02:17:58,Class A,244678000,55.675040,11.012832,Under way using engine,54.7,2.4,12.5,70,9393345,PBLW,THUN GARLAND,Tanker,,15,116,GPS,5.0,DK KAL PEC 321,04/09/2026 15:00:00,AIS,105,11,14,1
05/09/2026 02:17:58,Class A,244678000,55.675040,11.012832,Under way using engine,54.7,2.4,12.5,70,9393345,PBLW,THUN GARLAND,Tanker,,15,116,GPS,5.0,DK KAL PEC 321,04/09/2026 15:00:00,AIS,105,11,14,1
05/09/2026 02:18:01,Class A,244678000,55.675060,11.012850,Under way using engine,61.1,2.4,14.2,73,9393345,PBLW,THUN GARLAND,Tanker,,15,116,GPS,5.0,DK KAL PEC 321,04/09/2026 15:00:00,AIS,105,11,14,1
05/09/2026 02:18:01,Class A,244678000,55.675060,11.012850,Under way using engine,61.1,2.4,14.2,73,9393345,PBLW,THUN GARLAND,Tanker,,15,116,GPS,5.0,DK KAL PEC 321,04/09/2026 15:00:00,AIS,105,11,14,1
05/09/2026 02:18:07,Class A,244678000,55.675135,11.012915,Under way using engine,61.1,2.5,20.0,80,9393345,PBLW,THUN GARLAND,Tanker,,15,116,GPS,5.0,DK KAL PEC 321,04/09/2026 15:00:00,AIS,105,11,14,1
05/09/2026 02:18:07,Class A,244678000,55.675135,11.012915,Under way using engine,61.1,2.5,20.0,80,9393345,PBLW,THUN GARLAND,Tanker,,15,116,GPS,5.0,DK KAL PEC 321,04/09/2026 15:00:00,AIS,105,11,14,1
05/09/2026 02:18:08,Class A,255916087,55.556678,9.762617,Moored,0.0,0.0,26.3,300,1025411,CQ2516,CAPTAIN M.KYRIAKOU,Tanker,No additional information,23,150,GPS,6.2,DKFRC,04/09/2026 09:00:00,AIS,123,27,2,21
05/09/2026 02:18:08,Class A,255916087,55.556678,9.762617,Moored,0.0,0.0,26.3,300,1025411,CQ2516,CAPTAIN M.KYRIAKOU,Tanker,No additional information,23,150,GPS,6.2,DKFRC,04/09/2026 09:00:00,AIS,123,27,2,21
05/09/2026 02:18:12,Class A,244678000,55.675177,11.012958,Under way using engine,61.1,2.5,25.7,84,9393345,PBLW,THUN GARLAND,Tanker,,15,116,GPS,5.0,DK KAL PEC 321,04/09/2026 15:00:00,AIS,105,11,14,1
05/09/2026 02:18:12,Class A,244678000,55.675177,11.012958,Under way using engine,61.1,2.5,25.7,84,9393345,PBLW,THUN GARLAND,Tanker,,15,116,GPS,5.0,DK KAL PEC 321,04/09/2026 15:00:00,AIS,105,11,14,1
05/09/2026 02:18:14,Class A,244678000,55.675207,11.013000,Under way using engine,48.6,2.5,27.9,86,9393345,PBLW,THUN GARLAND,Tanker,,15,116,GPS,5.0,DK KAL PEC 321,04/09/2026 15:00:00,AIS,105,11,14,1
05/09/2026 02:18:14,Class A,244678000,55.675207,11.013000,Under way using engine,48.6,2.5,27.9,86,9393345,PBLW,THUN GARLAND,Tanker,,15,116,GPS,5.0,DK KAL PEC 321,04/09/2026 15:00:00,AIS,105,11,14,1
05/09/2026 02:18:17,Class A,244678000,55.675232,11.013042,Under way using engine,45.7,2.5,30.8,88,9393345,PBLW,THUN GARLAND,Tanker,,15,116,GPS,5.0,DK KAL PEC 321,04/09/2026 15:00:00,AIS,105,11,14,1
05/09/2026 02:18:17,Class A,244678000,55.675232,11.013042,Under way using engine,45.7,2.5,30.8,88,9393345,PBLW,THUN GARLAND,Tanker,,15,116,GPS,5.0,DK KAL PEC 321,04/09/2026 15:00:00,AIS,105,11,14,1
05/09/2026 02:18:17,Class A,244678000,55.675232,11.013042,Under way using engine,45.7,2.5,30.8,88,9393345,PBLW,THUN GARLAND,Tanker,,15,116,GPS,5.0,DK KAL PEC 321,04/09/2026 15:00:00,AIS,105,11,14,1
05/09/2026 02:18:21,Class A,244678000,55.675253,11.013093,Under way using engine,32.5,2.5,38.5,91,9393345,PBLW,THUN GARLAND,Tanker,,15,116,GPS,5.0,DK KAL PEC 321,04/09/2026 15:00:00,AIS,105,11,14,1
05/09/2026 02:18:21,Class A,244678000,55.675253,11.013093,Under way using engine,32.5,2.5,38.5,91,9393345,PBLW,THUN GARLAND,Tanker,,15,116,GPS,5.0,DK KAL PEC 321,04/09/2026 15:00:00,AIS,105,11,14,1
05/09/2026 02:18:25,Class A,244678000,55.675273,11.013163,Under way using engine,21.6,2.4,48.0,92,9393345,PBLW,THUN GARLAND,Tanker,,15,116,GPS,5.0,DK KAL PEC 321,04/09/2026 15:00:00,AIS,105,11,14,1
05/09/2026 02:18:25,Class A,244678000,55.675273,11.013163,Under way using engine,21.6,2.4,48.0,92,9393345,PBLW,THUN GARLAND,Tanker,,15,116,GPS,5.0,DK KAL PEC 321,04/09/2026 15:00:00,AIS,105,11,14,1
05/09/2026 02:18:27,Class A,244678000,55.675280,11.013220,Under way using engine,14.5,2.3,58.8,93,9393345,PBLW,THUN GARLAND,Tanker,,15,116,GPS,5.0,DK KAL PEC 321,04/09/2026 15:00:00,AIS,105,11,14,1
05/09/2026 02:18:27,Class A,244678000,55.675280,11.013220,Under way using engine,14.5,2.3,58.8,93,9393345,PBLW,THUN GARLAND,Tanker,,15,116,GPS,5.0,DK KAL PEC 321,04/09/2026 15:00:00,AIS,105,11,14,1
05/09/2026 02:18:32,Class A,244678000,55.675287,11.013293,Under way using engine,10.0,2.3,68.8,94,9393345,PBLW,THUN GARLAND,Tanker,,15,116,GPS,5.0,DK KAL PEC 321,04/09/2026 15:00:00,AIS,105,11,14,1
05/09/2026 02:18:38,Class A,244678000,55.675295,11.013413,Under way using engine,10.0,2.4,79.2,95,9393345,PBLW,THUN GARLAND,Tanker,,15,116,GPS,5.0,DK KAL PEC 321,04/09/2026 15:00:00,AIS,105,11,14,1
05/09/2026 02:18:38,Class A,244678000,55.675295,11.013413,Under way using engine,10.0,2.4,79.2,95,9393345,PBLW,THUN GARLAND,Tanker,,15,116,GPS,5.0,DK KAL PEC 321,04/09/2026 15:00:00,AIS,105,11,14,1
05/09/2026 02:18:38,Class A,244678000,55.675295,11.013413,Under way using engine,10.0,2.4,79.2,95,9393345,PBLW,THUN GARLAND,Tanker,,15,116,GPS,5.0,DK KAL PEC 321,04/09/2026 15:00:00,AIS,105,11,14,1
05/09/2026 02:18:42,Class A,244678000,55.675298,11.013523,Under way using engine,10.0,2.5,82.3,95,9393345,PBLW,THUN GARLAND,Tanker,,15,116,GPS,5.0,DK KAL PEC 321,04/09/2026 15:00:00,AIS,105,11,14,1
05/09/2026 02:18:42,Class A,244678000,55.675298,11.013523,Under way using engine,10.0,2.5,82.3,95,9393345,PBLW,THUN GARLAND,Tanker,,15,116,GPS,5.0,DK KAL PEC 321,04/09/2026 15:00:00,AIS,105,11,14,1
05/09/2026 02:18:48,Class A,244678000,55.675303,11.013668,Under way using engine,7.5,2.8,85.9,96,9393345,PBLW,THUN GARLAND,Tanker,,15,116,GPS,5.0,DK KAL PEC 321,04/09/2026 15:00:00,AIS,105,11,14,1
05/09/2026 02:18:48,Class A,244678000,55.675303,11.013668,Under way using engine,7.5,2.8,85.9,96,9393345,PBLW,THUN GARLAND,Tanker,,15,116,GPS,5.0,DK KAL PEC 321,04/09/2026 15:00:00,AIS,105,11,14,1
05/09/2026 02:18:58,Class A,244678000,55.675303,11.013938,Under way using engine,7.5,3.1,89.4,98,9393345,PBLW,THUN GARLAND,Tanker,,15,116,GPS,5.0,DK KAL PEC 321,04/09/2026 15:00:00,AIS,105,11,14,1
05/09/2026 02:18:58,Class A,244678000,55.675303,11.013938,Under way using engine,7.5,3.1,89.4,98,9393345,PBLW,THUN GARLAND,Tanker,,15,116,GPS,5.0,DK KAL PEC 321,04/09/2026 15:00:00,AIS,105,11,14,1
05/09/2026 02:19:07,Class A,244678000,55.675293,11.014208,Under way using engine,8.7,3.5,91.5,99,9393345,PBLW,THUN GARLAND,Tanker,,15,116,GPS,5.0,DK KAL PEC 321,04/09/2026 15:00:00,AIS,105,11,14,1
05/09/2026 02:19:07,Class A,244678000,55.675293,11.014208,Under way using engine,8.7,3.5,91.5,99,9393345,PBLW,THUN GARLAND,Tanker,,15,116,GPS,5.0,DK KAL PEC 321,04/09/2026 15:00:00,AIS,105,11,14,1
05/09/2026 02:19:17,Class A,244678000,55.675280,11.014528,Under way using engine,6.4,3.8,93.4,100,9393345,PBLW,THUN GARLAND,Tanker,,15,116,GPS,5.0,DK KAL PEC 321,04/09/2026 15:00:00,AIS,105,11,14,1
05/09/2026 02:19:17,Class A,244678000,55.675280,11.014528,Under way using engine,6.4,3.8,93.4,100,9393345,PBLW,THUN GARLAND,Tanker,,15,116,GPS,5.0,DK KAL PEC 321,04/09/2026 15:00:00,AIS,105,11,14,1
05/09/2026 02:19:27,Class A,244678000,55.675253,11.014877,Under way using engine,8.7,4.2,96.2,101,9393345,PBLW,THUN GARLAND,Tanker,,15,116,GPS,5.0,DK KAL PEC 321,04/09/2026 15:00:00,AIS,105,11,14,1
05/09/2026 02:19:27,Class A,244678000,55.675253,11.014877,Under way using engine,8.7,4.2,96.2,101,9393345,PBLW,THUN GARLAND,Tanker,,15,116,GPS,5.0,DK KAL PEC 321,04/09/2026 15:00:00,AIS,105,11,14,1
05/09/2026 02:19:38,Class A,244678000,55.675227,11.015245,Under way using engine,7.5,4.5,97.6,103,9393345,PBLW,THUN GARLAND,Tanker,,15,116,GPS,5.0,DK KAL PEC 321,04/09/2026 15:00:00,AIS,105,11,14,1
05/09/2026 02:19:38,Class A,244678000,55.675227,11.015245,Under way using engine,7.5,4.5,97.6,103,9393345,PBLW,THUN GARLAND,Tanker,,15,116,GPS,5.0,DK KAL PEC 321,04/09/2026 15:00:00,AIS,105,11,14,1
05/09/2026 02:19:48,Class A,244678000,55.675183,11.015680,Under way using engine,6.4,4.8,99.0,104,9393345,PBLW,THUN GARLAND,Tanker,,15,116,GPS,5.0,DK KAL PEC 321,04/09/2026 15:00:00,AIS,105,11,14,1
05/09/2026 02:19:48,Class A,244678000,55.675183,11.015680,Under way using engine,6.4,4.8,99.0,104,9393345,PBLW,THUN GARLAND,Tanker,,15,116,GPS,5.0,DK KAL PEC 321,04/09/2026 15:00:00,AIS,105,11,14,1
05/09/2026 02:19:48,Class A,244678000,55.675183,11.015680,Under way using engine,6.4,4.8,99.0,104,9393345,PBLW,THUN GARLAND,Tanker,,15,116,GPS,5.0,DK KAL PEC 321,04/09/2026 15:00:00,AIS,105,11,14,1
05/09/2026 02:19:58,Class A,244678000,55.675142,11.016088,Under way using engine,4.5,5.0,100.6,105,9393345,PBLW,THUN GARLAND,Tanker,,15,116,GPS,5.0,DK KAL PEC 321,04/09/2026 15:00:00,AIS,105,11,14,1
05/09/2026 02:19:58,Class A,244678000,55.675142,11.016088,Under way using engine,4.5,5.0,100.6,105,9393345,PBLW,THUN GARLAND,Tanker,,15,116,GPS,5.0,DK KAL PEC 321,04/09/2026 15:00:00,AIS,105,11,14,1
05/09/2026 02:20:07,Class A,244678000,55.675095,11.016472,Under way using engine,3.6,5.2,101.9,105,9393345,PBLW,THUN GARLAND,Tanker,,15,116,GPS,5.0,DK KAL PEC 321,04/09/2026 15:00:00,AIS,105,11,14,1
05/09/2026 02:20:07,Class A,244678000,55.675095,11.016472,Under way using engine,3.6,5.2,101.9,105,9393345,PBLW,THUN GARLAND,Tanker,,15,116,GPS,5.0,DK KAL PEC 321,04/09/2026 15:00:00,AIS,105,11,14,1
05/09/2026 02:20:07,Class A,244678000,55.675095,11.016472,Under way using engine,3.6,5.2,101.9,105,9393345,PBLW,THUN GARLAND,Tanker,,15,116,GPS,5.0,DK KAL PEC 321,04/09/2026 15:00:00,AIS,105,11,14,1
05/09/2026 02:20:18,Class A,244678000,55.675033,11.016953,Under way using engine,3.6,5.4,102.8,106,9393345,PBLW,THUN GARLAND,Tanker,,15,116,GPS,5.0,DK KAL PEC 321,04/09/2026 15:00:00,AIS,105,11,14,1
05/09/2026 02:20:18,Class A,244678000,55.675033,11.016953,Under way using engine,3.6,5.4,102.8,106,9393345,PBLW,THUN GARLAND,Tanker,,15,116,GPS,5.0,DK KAL PEC 321,04/09/2026 15:00:00,AIS,105,11,14,1
05/09/2026 02:20:22,Class A,219022047,55.462082,8.443657,Under way using engine,0.0,0.0,330.1,229,8661020,OUBJ2,FONIKS SUPPORTER,Tanker,No additional information,9,25,GPS,2.0,ESBJERG,24/03/2027 14:00:00,AIS,17,8,5,4
05/09/2026 02:20:27,Class A,244678000,55.674975,11.017363,Under way using engine,3.6,5.6,103.4,106,9393345,PBLW,THUN GARLAND,Tanker,,15,116,GPS,5.0,DK KAL PEC 321,04/09/2026 15:00:00,AIS,105,11,14,1
05/09/2026 02:20:27,Class A,244678000,55.674975,11.017363,Under way using engine,3.6,5.6,103.4,106,9393345,PBLW,THUN GARLAND,Tanker,,15,116,GPS,5.0,DK KAL PEC 321,04/09/2026 15:00:00,AIS,105,11,14,1
05/09/2026 02:20:39,Class A,244678000,55.674902,11.017877,Under way using engine,3.6,5.8,104.3,107,9393345,PBLW,THUN GARLAND,Tanker,,15,116,GPS,5.0,DK KAL PEC 321,04/09/2026 15:00:00,AIS,105,11,14,1
05/09/2026 02:20:39,Class A,244678000,55.674902,11.017877,Under way using engine,3.6,5.8,104.3,107,9393345,PBLW,THUN GARLAND,Tanker,,15,116,GPS,5.0,DK KAL PEC 321,04/09/2026 15:00:00,AIS,105,11,14,1
05/09/2026 02:20:48,Class A,244678000,55.674828,11.018358,Under way using engine,-2.9,6.0,105.2,107,9393345,PBLW,THUN GARLAND,Tanker,,15,116,GPS,5.0,DK KAL PEC 321,04/09/2026 15:00:00,AIS,105,11,14,1
05/09/2026 02:20:48,Class A,244678000,55.674828,11.018358,Under way using engine,-2.9,6.0,105.2,107,9393345,PBLW,THUN GARLAND,Tanker,,15,116,GPS,5.0,DK KAL PEC 321,04/09/2026 15:00:00,AIS,105,11,14,1
05/09/2026 02:20:58,Class A,244678000,55.674752,11.018850,Under way using engine,-4.5,6.2,105.6,107,9393345,PBLW,THUN GARLAND,Tanker,,15,116,GPS,5.0,DK KAL PEC 321,04/09/2026 15:00:00,AIS,105,11,14,1
05/09/2026 02:20:58,Class A,244678000,55.674752,11.018850,Under way using engine,-4.5,6.2,105.6,107,9393345,PBLW,THUN GARLAND,Tanker,,15,116,GPS,5.0,DK KAL PEC 321,04/09/2026 15:00:00,AIS,105,11,14,1
05/09/2026 02:21:07,Class A,244678000,55.674675,11.019310,Under way using engine,-8.7,6.3,106.3,106,9393345,PBLW,THUN GARLAND,Tanker,,15,116,GPS,5.0,DK KAL PEC 321,04/09/2026 15:00:00,AIS,105,11,14,1
05/09/2026 02:21:08,Class A,255916087,55.556672,9.762638,Moored,0.0,0.0,26.3,300,1025411,CQ2516,CAPTAIN M.KYRIAKOU,Tanker,No additional information,23,150,GPS,6.2,DKFRC,04/09/2026 09:00:00,AIS,123,27,2,21
05/09/2026 02:21:18,Class A,244678000,55.674570,11.019900,Under way using engine,-11.4,6.8,107.2,104,9393345,PBLW,THUN GARLAND,Tanker,,15,116,GPS,5.0,DK KAL PEC 321,04/09/2026 15:00:00,AIS,105,11,14,1
05/09/2026 02:21:18,Class A,244678000,55.674570,11.019900,Under way using engine,-11.4,6.8,107.2,104,9393345,PBLW,THUN GARLAND,Tanker,,15,116,GPS,5.0,DK KAL PEC 321,04/09/2026 15:00:00,AIS,105,11,14,1
05/09/2026 02:21:24,Class A,563259900,58.199072,11.222307,At anchor,4.5,0.1,115.2,189,9833656,9VDO6,NAVIG8 GRACE,Tanker,,32,183,GPS,7.6,SEBRO,04/09/2026 13:00:00,AIS,147,36,9,23
05/09/2026 02:21:27,Class A,244678000,55.674485,11.020412,Under way using engine,-11.4,7.1,106.2,103,9393345,PBLW,THUN GARLAND,Tanker,,15,116,GPS,5.0,DK KAL PEC 321,04/09/2026 15:00:00,AIS,105,11,14,1
05/09/2026 02:21:27,Class A,244678000,55.674485,11.020412,Under way using engine,-11.4,7.1,106.2,103,9393345,PBLW,THUN GARLAND,Tanker,,15,116,GPS,5.0,DK KAL PEC 321,04/09/2026 15:00:00,AIS,105,11,14,1
05/09/2026 02:21:39,Class A,244678000,55.674395,11.021065,Under way using engine,-7.5,7.4,104.3,101,9393345,PBLW,THUN GARLAND,Tanker,,15,116,GPS,5.0,DK KAL PEC 321,04/09/2026 15:00:00,AIS,105,11,14,1
05/09/2026 02:21:48,Class A,244678000,55.674318,11.021688,Under way using engine,-5.4,7.6,102.3,100,9393345,PBLW,THUN GARLAND,Tanker,,15,116,GPS,5.0,DK KAL PEC 321,04/09/2026 15:00:00,AIS,105,11,14,1
05/09/2026 02:21:48,Class A,244678000,55.674318,11.021688,Under way using engine,-5.4,7.6,102.3,100,9393345,PBLW,THUN GARLAND,Tanker,,15,116,GPS,5.0,DK KAL PEC 321,04/09/2026 15:00:00,AIS,105,11,14,1
05/09/2026 02:21:58,Class A,244678000,55.674252,11.022332,Under way using engine,-2.9,7.8,100.3,100,9393345,PBLW,THUN GARLAND,Tanker,,15,116,GPS,5.0,DK KAL PEC 321,04/09/2026 15:00:00,AIS,105,11,14,1
05/09/2026 02:21:58,Class A,244678000,55.674252,11.022332,Under way using engine,-2.9,7.8,100.3,100,9393345,PBLW,THUN GARLAND,Tanker,,15,116,GPS,5.0,DK KAL PEC 321,04/09/2026 15:00:00,AIS,105,11,14,1
05/09/2026 02:22:07,Class A,244678000,55.674198,11.022923,Under way using engine,2.2,8.0,99.1,100,9393345,PBLW,THUN GARLAND,Tanker,,15,116,GPS,5.0,DK KAL PEC 321,04/09/2026 15:00:00,AIS,105,11,14,1
05/09/2026 02:22:18,Class A,244678000,55.674137,11.023667,Under way using engine,4.5,8.2,98.1,100,9393345,PBLW,THUN GARLAND,Tanker,,15,116,GPS,5.0,DK KAL PEC 321,04/09/2026 15:00:00,AIS,105,11,14,1
05/09/2026 02:22:18,Class A,244678000,55.674137,11.023667,Under way using engine,4.5,8.2,98.1,100,9393345,PBLW,THUN GARLAND,Tanker,,15,116,GPS,5.0,DK KAL PEC 321,04/09/2026 15:00:00,AIS,105,11,14,1
05/09/2026 02:22:27,Class A,244678000,55.674082,11.024283,Under way using engine,6.4,8.4,98.4,101,9393345,PBLW,THUN GARLAND,Tanker,,15,116,GPS,5.0,DK KAL PEC 321,04/09/2026 15:00:00,AIS,105,11,14,1
05/09/2026 02:22:39,Class A,244678000,55.674012,11.025048,Under way using engine,6.4,8.5,98.9,102,9393345,PBLW,THUN GARLAND,Tanker,,15,116,GPS,5.0,DK KAL PEC 321,04/09/2026 15:00:00,AIS,105,11,14,1
05/09/2026 02:22:47,Class A,244678000,55.673950,11.025685,Under way using engine,6.4,8.6,99.5,103,9393345,PBLW,THUN GARLAND,Tanker,,15,116,GPS,5.0,DK KAL PEC 321,04/09/2026 15:00:00,AIS,105,11,14,1
05/09/2026 02:22:47,Class A,244678000,55.673950,11.025685,Under way using engine,6.4,8.6,99.5,103,9393345,PBLW,THUN GARLAND,Tanker,,15,116,GPS,5.0,DK KAL PEC 321,04/09/2026 15:00:00,AIS,105,11,14,1
05/09/2026 02:22:58,Class A,244678000,55.673867,11.026463,Under way using engine,5.4,8.8,100.4,104,9393345,PBLW,THUN GARLAND,Tanker,,15,116,GPS,5.0,DK KAL PEC 321,04/09/2026 15:00:00,AIS,105,11,14,1
05/09/2026 02:22:58,Class A,244678000,55.673867,11.026463,Under way using engine,5.4,8.8,100.4,104,9393345,PBLW,THUN GARLAND,Tanker,,15,116,GPS,5.0,DK KAL PEC 321,04/09/2026 15:00:00,AIS,105,11,14,1
05/09/2026 02:23:10,Class A,219022047,55.462085,8.443662,Under way using engine,0.0,0.0,97.2,229,8661020,OUBJ2,FONIKS SUPPORTER,Tanker,No additional information,9,25,GPS,2.0,ESBJERG,24/03/2027 14:00:00,AIS,17,8,5,4
05/09/2026 02:23:12,Class A,255916087,55.556672,9.762638,Moored,0.0,0.0,26.3,300,1025411,CQ2516,CAPTAIN M.KYRIAKOU,Tanker,No additional information,23,150,GPS,6.2,DKFRC,04/09/2026 09:00:00,AIS,123,27,2,21
05/09/2026 02:23:18,Class A,244678000,55.673692,11.027893,Under way using engine,3.6,8.9,102.5,105,9393345,PBLW,THUN GARLAND,Tanker,,15,116,GPS,5.0,DK KAL PEC 321,04/09/2026 15:00:00,AIS,105,11,14,1
05/09/2026 02:23:18,Class A,244678000,55.673692,11.027893,Under way using engine,3.6,8.9,102.5,105,9393345,PBLW,THUN GARLAND,Tanker,,15,116,GPS,5.0,DK KAL PEC 321,04/09/2026 15:00:00,AIS,105,11,14,1
05/09/2026 02:23:26,Class A,244678000,55.673692,11.027893,Under way using engine,3.6,8.9,102.5,105,9393345,PBLW,THUN GARLAND,Tanker,,15,116,GPS,5.0,DK KAL PEC 321,04/09/2026 15:00:00,AIS,105,11,14,1
05/09/2026 02:23:26,Class A,244678000,55.673692,11.027893,Under way using engine,3.6,8.9,102.5,105,9393345,PBLW,THUN GARLAND,Tanker,,15,116,GPS,5.0,DK KAL PEC 321,04/09/2026 15:00:00,AIS,105,11,14,1
05/09/2026 02:23:27,Class A,244678000,55.673603,11.028547,Under way using engine,2.2,9.0,103.3,106,9393345,PBLW,THUN GARLAND,Tanker,,15,116,GPS,5.0,DK KAL PEC 321,04/09/2026 15:00:00,AIS,105,11,14,1
05/09/2026 02:23:27,Class A,244678000,55.673603,11.028547,Under way using engine,2.2,9.0,103.3,106,9393345,PBLW,THUN GARLAND,Tanker,,15,116,GPS,5.0,DK KAL PEC 321,04/09/2026 15:00:00,AIS,105,11,14,1
05/09/2026 02:23:39,Class A,244678000,55.673492,11.029342,Under way using engine,0.2,9.1,104.1,106,9393345,PBLW,THUN GARLAND,Tanker,,15,116,GPS,5.0,DK KAL PEC 321,04/09/2026 15:00:00,AIS,105,11,14,1
05/09/2026 02:23:39,Class A,244678000,55.673492,11.029342,Under way using engine,0.2,9.1,104.1,106,9393345,PBLW,THUN GARLAND,Tanker,,15,116,GPS,5.0,DK KAL PEC 321,04/09/2026 15:00:00,AIS,105,11,14,1
05/09/2026 02:23:47,Class A,244678000,55.673393,11.029998,Under way using engine,-4.5,9.1,104.8,105,9393345,PBLW,THUN GARLAND,Tanker,,15,116,GPS,5.0,DK KAL PEC 321,04/09/2026 15:00:00,AIS,105,11,14,1
05/09/2026 02:23:47,Class A,244678000,55.673393,11.029998,Under way using engine,-4.5,9.1,104.8,105,9393345,PBLW,THUN GARLAND,Tanker,,15,116,GPS,5.0,DK KAL PEC 321,04/09/2026 15:00:00,AIS,105,11,14,1
05/09/2026 02:23:47,Class A,244678000,55.673393,11.029998,Under way using engine,-4.5,9.1,104.8,105,9393345,PBLW,THUN GARLAND,Tanker,,15,116,GPS,5.0,DK KAL PEC 321,04/09/2026 15:00:00,AIS,105,11,14,1
05/09/2026 02:23:58,Class A,244678000,55.673275,11.030808,Under way using engine,-3.6,9.2,104.9,105,9393345,PBLW,THUN GARLAND,Tanker,,15,116,GPS,5.0,DK KAL PEC 321,04/09/2026 15:00:00,AIS,105,11,14,1
05/09/2026 02:24:08,Class A,255916087,55.556672,9.762648,Moored,0.0,0.0,26.3,300,1025411,CQ2516,CAPTAIN M.KYRIAKOU,Tanker,No additional information,23,150,GPS,6.2,DKFRC,04/09/2026 09:00:00,AIS,123,27,2,21
05/09/2026 02:24:08,Class A,255916087,55.556672,9.762648,Moored,0.0,0.0,26.3,300,1025411,CQ2516,CAPTAIN M.KYRIAKOU,Tanker,No additional information,23,150,GPS,6.2,DKFRC,04/09/2026 09:00:00,AIS,123,27,2,21
05/09/2026 02:24:18,Class A,244678000,55.673067,11.032292,Under way using engine,-2.9,9.3,103.9,104,9393345,PBLW,THUN GARLAND,Tanker,,15,116,GPS,5.0,DK KAL PEC 321,04/09/2026 15:00:00,AIS,105,11,14,1
05/09/2026 02:24:18,Class A,244678000,55.673067,11.032292,Under way using engine,-2.9,9.3,103.9,104,9393345,PBLW,THUN GARLAND,Tanker,,15,116,GPS,5.0,DK KAL PEC 321,04/09/2026 15:00:00,AIS,105,11,14,1
05/09/2026 02:24:25,Class A,563259900,58.199028,11.222280,At anchor,-0.7,0.0,115.2,195,9833656,9VDO6,NAVIG8 GRACE,Tanker,,32,183,GPS,7.6,SEBRO,04/09/2026 13:00:00,AIS,147,36,9,23
05/09/2026 02:24:27,Class A,244678000,55.672973,11.032963,Under way using engine,-2.9,9.3,103.7,104,9393345,PBLW,THUN GARLAND,Tanker,,15,116,GPS,5.0,DK KAL PEC 321,04/09/2026 15:00:00,AIS,105,11,14,1
05/09/2026 02:24:27,Class A,244678000,55.672973,11.032963,Under way using engine,-2.9,9.3,103.7,104,9393345,PBLW,THUN GARLAND,Tanker,,15,116,GPS,5.0,DK KAL PEC 321,04/09/2026 15:00:00,AIS,105,11,14,1
05/09/2026 02:24:39,Class A,244678000,55.672863,11.033785,Under way using engine,-1.6,9.3,103.3,103,9393345,PBLW,THUN GARLAND,Tanker,,15,116,GPS,5.0,DK KAL PEC 321,04/09/2026 15:00:00,AIS,105,11,14,1
05/09/2026 02:24:39,Class A,244678000,55.672863,11.033785,Under way using engine,-1.6,9.3,103.3,103,9393345,PBLW,THUN GARLAND,Tanker,,15,116,GPS,5.0,DK KAL PEC 321,04/09/2026 15:00:00,AIS,105,11,14,1
05/09/2026 02:24:58,Class A,244678000,55.672685,11.035215,Under way using engine,-0.7,9.4,102.4,103,9393345,PBLW,THUN GARLAND,Tanker,,15,116,GPS,5.0,DK KAL PEC 321,04/09/2026 15:00:00,AIS,105,11,14,1
05/09/2026 02:25:08,Class A,244678000,55.672583,11.036040,Under way using engine,0.0,9.3,102.2,103,9393345,PBLW,THUN GARLAND,Tanker,,15,116,GPS,5.0,DK KAL PEC 321,04/09/2026 15:00:00,AIS,105,11,14,1
05/09/2026 02:25:27,Class A,244678000,55.672412,11.037452,Under way using engine,-1.1,9.1,102.0,103,9393345,PBLW,THUN GARLAND,Tanker,,15,116,GPS,5.0,DK KAL PEC 321,04/09/2026 15:00:00,AIS,105,11,14,1
05/09/2026 02:25:27,Class A,244678000,55.672412,11.037452,Under way using engine,-1.1,9.1,102.0,103,9393345,PBLW,THUN GARLAND,Tanker,,15,116,GPS,5.0,DK KAL PEC 321,04/09/2026 15:00:00,AIS,105,11,14,1
05/09/2026 02:25:39,Class A,244678000,55.672315,11.038247,Under way using engine,-1.6,9.0,102.0,103,9393345,PBLW,THUN GARLAND,Tanker,,15,116,GPS,5.0,DK KAL PEC 321,04/09/2026 15:00:00,AIS,105,11,14,1
05/09/2026 02:25:47,Class A,244678000,55.672240,11.038888,Under way using engine,0.2,8.9,101.8,103,9393345,PBLW,THUN GARLAND,Tanker,,15,116,GPS,5.0,DK KAL PEC 321,04/09/2026 15:00:00,AIS,105,11,14,1
05/09/2026 02:25:47,Class A,244678000,55.672240,11.038888,Under way using engine,0.2,8.9,101.8,103,9393345,PBLW,THUN GARLAND,Tanker,,15,116,GPS,5.0,DK KAL PEC 321,04/09/2026 15:00:00,AIS,105,11,14,1
05/09/2026 02:25:58,Class A,244678000,55.672162,11.039588,Under way using engine,0.4,8.7,101.5,103,9393345,PBLW,THUN GARLAND,Tanker,,15,116,GPS,5.0,DK KAL PEC 321,04/09/2026 15:00:00,AIS,105,11,14,1
05/09/2026 02:25:58,Class A,244678000,55.672162,11.039588,Under way using engine,0.4,8.7,101.5,103,9393345,PBLW,THUN GARLAND,Tanker,,15,116,GPS,5.0,DK KAL PEC 321,04/09/2026 15:00:00,AIS,105,11,14,1
05/09/2026 02:26:08,Class A,244678000,55.672073,11.040348,Under way using engine,3.6,8.6,101.4,103,9393345,PBLW,THUN GARLAND,Tanker,,15,116,GPS,5.0,DK KAL PEC 321,04/09/2026 15:00:00,AIS,105,11,14,1
05/09/2026 02:26:27,Class A,244678000,55.671917,11.041660,Under way using engine,2.2,8.4,101.8,104,9393345,PBLW,THUN GARLAND,Tanker,,15,116,GPS,5.0,DK KAL PEC 321,04/09/2026 15:00:00,AIS,105,11,14,1
05/09/2026 02:26:27,Class A,244678000,55.671917,11.041660,Under way using engine,2.2,8.4,101.8,104,9393345,PBLW,THUN GARLAND,Tanker,,15,116,GPS,5.0,DK KAL PEC 321,04/09/2026 15:00:00,AIS,105,11,14,1
05/09/2026 02:26:27,Class A,244678000,55.671917,11.041660,Under way using engine,2.2,8.4,101.8,104,9393345,PBLW,THUN GARLAND,Tanker,,15,116,GPS,5.0,DK KAL PEC 321,04/09/2026 15:00:00,AIS,105,11,14,1
05/09/2026 02:26:33,Class A,219022047,55.462085,8.443660,Under way using engine,0.0,0.1,19.1,227,8661020,OUBJ2,FONIKS SUPPORTER,Tanker,No additional information,9,25,GPS,2.0,ESBJERG,24/03/2027 14:00:00,AIS,17,8,5,4
05/09/2026 02:26:39,Class A,244678000,55.671827,11.042395,Under way using engine,2.9,8.3,102.1,104,9393345,PBLW,THUN GARLAND,Tanker,,15,116,GPS,5.0,DK KAL PEC 321,04/09/2026 15:00:00,AIS,105,11,14,1
05/09/2026 02:26:39,Class A,244678000,55.671827,11.042395,Under way using engine,2.9,8.3,102.1,104,9393345,PBLW,THUN GARLAND,Tanker,,15,116,GPS,5.0,DK KAL PEC 321,04/09/2026 15:00:00,AIS,105,11,14,1
05/09/2026 02:26:47,Class A,244678000,55.671753,11.042990,Under way using engine,2.2,8.2,102.2,105,9393345,PBLW,THUN GARLAND,Tanker,,15,116,GPS,5.0,DK KAL PEC 321,04/09/2026 15:00:00,AIS,105,11,14,1
05/09/2026 02:26:47,Class A,244678000,55.671753,11.042990,Under way using engine,2.2,8.2,102.2,105,9393345,PBLW,THUN GARLAND,Tanker,,15,116,GPS,5.0,DK KAL PEC 321,04/09/2026 15:00:00,AIS,105,11,14,1
05/09/2026 02:26:47,Class A,244678000,55.671753,11.042990,Under way using engine,2.2,8.2,102.2,105,9393345,PBLW,THUN GARLAND,Tanker,,15,116,GPS,5.0,DK KAL PEC 321,04/09/2026 15:00:00,AIS,105,11,14,1
05/09/2026 02:26:58,Class A,244678000,55.671673,11.043645,Under way using engine,2.2,8.2,102.5,105,9393345,PBLW,THUN GARLAND,Tanker,,15,116,GPS,5.0,DK KAL PEC 321,04/09/2026 15:00:00,AIS,105,11,14,1
05/09/2026 02:26:58,Class A,244678000,55.671673,11.043645,Under way using engine,2.2,8.2,102.5,105,9393345,PBLW,THUN GARLAND,Tanker,,15,116,GPS,5.0,DK KAL PEC 321,04/09/2026 15:00:00,AIS,105,11,14,1
05/09/2026 02:27:08,Class A,255916087,55.556677,9.762633,Moored,0.0,0.0,26.3,300,1025411,CQ2516,CAPTAIN M.KYRIAKOU,Tanker,No additional information,23,150,GPS,6.2,DKFRC,04/09/2026 09:00:00,AIS,123,27,2,21
05/09/2026 02:27:08,Class A,255916087,55.556677,9.762633,Moored,0.0,0.0,26.3,300,1025411,CQ2516,CAPTAIN M.KYRIAKOU,Tanker,No additional information,23,150,GPS,6.2,DKFRC,04/09/2026 09:00:00,AIS,123,27,2,21
05/09/2026 02:27:08,Class A,244678000,55.671577,11.044362,Under way using engine,2.2,8.0,102.9,105,9393345,PBLW,THUN GARLAND,Tanker,,15,116,GPS,5.0,DK KAL PEC 321,04/09/2026 15:00:00,AIS,105,11,14,1
05/09/2026 02:27:19,Class A,244678000,55.671487,11.045008,Under way using engine,4.5,8.0,103.3,106,9393345,PBLW,THUN GARLAND,Tanker,,15,116,GPS,5.0,DK KAL PEC 321,04/09/2026 15:00:00,AIS,105,11,14,1
05/09/2026 02:27:19,Class A,244678000,55.671487,11.045008,Under way using engine,4.5,8.0,103.3,106,9393345,PBLW,THUN GARLAND,Tanker,,15,116,GPS,5.0,DK KAL PEC 321,04/09/2026 15:00:00,AIS,105,11,14,1
05/09/2026 02:27:27,Class A,244678000,55.671403,11.045587,Under way using engine,0.7,8.0,103.7,106,9393345,PBLW,THUN GARLAND,Tanker,,15,116,GPS,5.0,DK KAL PEC 321,04/09/2026 15:00:00,AIS,105,11,14,1
05/09/2026 02:27:27,Class A,244678000,55.671403,11.045587,Under way using engine,0.7,8.0,103.7,106,9393345,PBLW,THUN GARLAND,Tanker,,15,116,GPS,5.0,DK KAL PEC 321,04/09/2026 15:00:00,AIS,105,11,14,1
05/09/2026 02:27:39,Class A,244678000,55.671307,11.046285,Under way using engine,1.1,7.9,104.0,106,9393345,PBLW,THUN GARLAND,Tanker,,15,116,GPS,5.0,DK KAL PEC 321,04/09/2026 15:00:00,AIS,105,11,14,1
05/09/2026 02:27:39,Class A,244678000,55.671307,11.046285,Under way using engine,1.1,7.9,104.0,106,9393345,PBLW,THUN GARLAND,Tanker,,15,116,GPS,5.0,DK KAL PEC 321,04/09/2026 15:00:00,AIS,105,11,14,1
05/09/2026 02:27:47,Class A,244678000,55.671223,11.046850,Under way using engine,2.9,7.8,104.1,106,9393345,PBLW,THUN GARLAND,Tanker,,15,116,GPS,5.0,DK KAL PEC 321,04/09/2026 15:00:00,AIS,105,11,14,1
05/09/2026 02:27:47,Class A,244678000,55.671223,11.046850,Under way using engine,2.9,7.8,104.1,106,9393345,PBLW,THUN GARLAND,Tanker,,15,116,GPS,5.0,DK KAL PEC 321,04/09/2026 15:00:00,AIS,105,11,14,1
05/09/2026 02:27:58,Class A,244678000,55.671133,11.047472,Under way using engine,0.4,7.7,104.3,106,9393345,PBLW,THUN GARLAND,Tanker,,15,116,GPS,5.0,DK KAL PEC 321,04/09/2026 15:00:00,AIS,105,11,14,1
05/09/2026 02:27:58,Class A,244678000,55.671133,11.047472,Under way using engine,0.4,7.7,104.3,106,9393345,PBLW,THUN GARLAND,Tanker,,15,116,GPS,5.0,DK KAL PEC 321,04/09/2026 15:00:00,AIS,105,11,14,1
05/09/2026 02:28:08,Class A,244678000,55.671028,11.048148,Under way using engine,-2.2,7.7,104.6,106,9393345,PBLW,THUN GARLAND,Tanker,,15,116,GPS,5.0,DK KAL PEC 321,04/09/2026 15:00:00,AIS,105,11,14,1
05/09/2026 02:28:19,Class A,244678000,55.670933,11.048758,Under way using engine,-2.2,7.6,104.9,106,9393345,PBLW,THUN GARLAND,Tanker,,15,116,GPS,5.0,DK KAL PEC 321,04/09/2026 15:00:00,AIS,105,11,14,1
05/09/2026 02:28:19,Class A,244678000,55.670933,11.048758,Under way using engine,-2.2,7.6,104.9,106,9393345,PBLW,THUN GARLAND,Tanker,,15,116,GPS,5.0,DK KAL PEC 321,04/09/2026 15:00:00,AIS,105,11,14,1
05/09/2026 02:28:39,Class A,244678000,55.670755,11.049940,Under way using engine,2.9,7.4,104.6,106,9393345,PBLW,THUN GARLAND,Tanker,,15,116,GPS,5.0,DK KAL PEC 321,04/09/2026 15:00:00,AIS,105,11,14,1
05/09/2026 02:28:39,Class A,244678000,55.670755,11.049940,Under way using engine,2.9,7.4,104.6,106,9393345,PBLW,THUN GARLAND,Tanker,,15,116,GPS,5.0,DK KAL PEC 321,04/09/2026 15:00:00,AIS,105,11,14,1
05/09/2026 02:28:47,Class A,244678000,55.670677,11.050468,Under way using engine,-0.4,7.3,104.4,106,9393345,PBLW,THUN GARLAND,Tanker,,15,116,GPS,5.0,DK KAL PEC 321,04/09/2026 15:00:00,AIS,105,11,14,1
05/09/2026 02:28:47,Class A,244678000,55.670677,11.050468,Under way using engine,-0.4,7.3,104.4,106,9393345,PBLW,THUN GARLAND,Tanker,,15,116,GPS,5.0,DK KAL PEC 321,04/09/2026 15:00:00,AIS,105,11,14,1
05/09/2026 02:28:58,Class A,244678000,55.670592,11.051047,Under way using engine,-1.1,7.3,104.5,106,9393345,PBLW,THUN GARLAND,Tanker,,15,116,GPS,5.0,DK KAL PEC 321,04/09/2026 15:00:00,AIS,105,11,14,1
05/09/2026 02:28:58,Class A,244678000,55.670592,11.051047,Under way using engine,-1.1,7.3,104.5,106,9393345,PBLW,THUN GARLAND,Tanker,,15,116,GPS,5.0,DK KAL PEC 321,04/09/2026 15:00:00,AIS,105,11,14,1
05/09/2026 02:29:08,Class A,244678000,55.670502,11.051680,Under way using engine,1.6,7.2,104.4,105,9393345,PBLW,THUN GARLAND,Tanker,,15,116,GPS,5.0,DK KAL PEC 321,04/09/2026 15:00:00,AIS,105,11,14,1
05/09/2026 02:29:12,Class A,255916087,55.556677,9.762633,Moored,0.0,0.0,26.3,300,1025411,CQ2516,CAPTAIN M.KYRIAKOU,Tanker,No additional information,23,150,GPS,6.2,DKFRC,04/09/2026 09:00:00,AIS,123,27,2,21
05/09/2026 02:29:12,Class A,255916087,55.556677,9.762633,Moored,0.0,0.0,26.3,300,1025411,CQ2516,CAPTAIN M.KYRIAKOU,Tanker,No additional information,23,150,GPS,6.2,DKFRC,04/09/2026 09:00:00,AIS,123,27,2,21
05/09/2026 02:29:19,Class A,244678000,55.670422,11.052255,Under way using engine,0.7,7.2,104.3,105,9393345,PBLW,THUN GARLAND,Tanker,,15,116,GPS,5.0,DK KAL PEC 321,04/09/2026 15:00:00,AIS,105,11,14,1
05/09/2026 02:29:19,Class A,244678000,55.670422,11.052255,Under way using engine,0.7,7.2,104.3,105,9393345,PBLW,THUN GARLAND,Tanker,,15,116,GPS,5.0,DK KAL PEC 321,04/09/2026 15:00:00,AIS,105,11,14,1
05/09/2026 02:29:19,Class A,244678000,55.670422,11.052255,Under way using engine,0.7,7.2,104.3,105,9393345,PBLW,THUN GARLAND,Tanker,,15,116,GPS,5.0,DK KAL PEC 321,04/09/2026 15:00:00,AIS,105,11,14,1
05/09/2026 02:29:19,Class A,244678000,55.670422,11.052255,Under way using engine,0.7,7.2,104.3,105,9393345,PBLW,THUN GARLAND,Tanker,,15,116,GPS,5.0,DK KAL PEC 321,04/09/2026 15:00:00,AIS,105,11,14,1
05/09/2026 02:29:22,Class A,219022047,55.462085,8.443663,Under way using engine,0.0,0.1,318.6,225,8661020,OUBJ2,FONIKS SUPPORTER,Tanker,No additional information,9,25,GPS,2.0,ESBJERG,24/03/2027 14:00:00,AIS,17,8,5,4
05/09/2026 02:29:24,Class A,244678000,55.670422,11.052255,Under way using engine,0.7,7.2,104.3,105,9393345,PBLW,THUN GARLAND,Tanker,,15,116,GPS,5.0,DK KAL PEC 321,04/09/2026 15:00:00,AIS,105,11,14,1
05/09/2026 02:29:29,Class A,244678000,55.670340,11.052828,Under way using engine,-0.4,7.1,104.3,105,9393345,PBLW,THUN GARLAND,Tanker,,15,116,GPS,5.0,DK KAL PEC 321,04/09/2026 15:00:00,AIS,105,11,14,1
05/09/2026 02:29:29,Class A,244678000,55.670340,11.052828,Under way using engine,-0.4,7.1,104.3,105,9393345,PBLW,THUN GARLAND,Tanker,,15,116,GPS,5.0,DK KAL PEC 321,04/09/2026 15:00:00,AIS,105,11,14,1
05/09/2026 02:29:29,Class A,244678000,55.670340,11.052828,Under way using engine,-0.4,7.1,104.3,105,9393345,PBLW,THUN GARLAND,Tanker,,15,116,GPS,5.0,DK KAL PEC 321,04/09/2026 15:00:00,AIS,105,11,14,1
05/09/2026 02:29:39,Class A,244678000,55.670258,11.053397,Under way using engine,0.0,7.1,104.0,105,9393345,PBLW,THUN GARLAND,Tanker,,15,116,GPS,5.0,DK KAL PEC 321,04/09/2026 15:00:00,AIS,105,11,14,1
05/09/2026 02:29:47,Class A,244678000,55.670187,11.053908,Under way using engine,-0.2,7.1,103.9,105,9393345,PBLW,THUN GARLAND,Tanker,,15,116,GPS,5.0,DK KAL PEC 321,04/09/2026 15:00:00,AIS,105,11,14,1
05/09/2026 02:29:47,Class A,244678000,55.670187,11.053908,Under way using engine,-0.2,7.1,103.9,105,9393345,PBLW,THUN GARLAND,Tanker,,15,116,GPS,5.0,DK KAL PEC 321,04/09/2026 15:00:00,AIS,105,11,14,1
05/09/2026 02:29:58,Class A,244678000,55.670108,11.054473,Under way using engine,0.7,7.0,103.8,105,9393345,PBLW,THUN GARLAND,Tanker,,15,116,GPS,5.0,DK KAL PEC 321,04/09/2026 15:00:00,AIS,105,11,14,1
05/09/2026 02:29:58,Class A,244678000,55.670108,11.054473,Under way using engine,0.7,7.0,103.8,105,9393345,PBLW,THUN GARLAND,Tanker,,15,116,GPS,5.0,DK KAL PEC 321,04/09/2026 15:00:00,AIS,105,11,14,1
05/09/2026 02:30:08,Class A,255916087,55.556667,9.762637,Moored,0.0,0.0,26.3,300,1025411,CQ2516,CAPTAIN M.KYRIAKOU,Tanker,No additional information,23,150,GPS,6.2,DKFRC,04/09/2026 09:00:00,AIS,123,27,2,21
05/09/2026 02:30:08,Class A,244678000,55.670023,11.055088,Under way using engine,2.2,7.0,104.0,106,9393345,PBLW,THUN GARLAND,Tanker,,15,116,GPS,5.0,DK KAL PEC 321,04/09/2026 15:00:00,AIS,105,11,14,1
05/09/2026 02:30:19,Class A,244678000,55.669945,11.055648,Under way using engine,4.5,7.0,104.1,106,9393345,PBLW,THUN GARLAND,Tanker,,15,116,GPS,5.0,DK KAL PEC 321,04/09/2026 15:00:00,AIS,105,11,14,1
05/09/2026 02:30:19,Class A,244678000,55.669945,11.055648,Under way using engine,4.5,7.0,104.1,106,9393345,PBLW,THUN GARLAND,Tanker,,15,116,GPS,5.0,DK KAL PEC 321,04/09/2026 15:00:00,AIS,105,11,14,1
05/09/2026 02:30:26,Class A,563259900,58.199013,11.222377,At anchor,-0.2,0.0,95.5,189,9833656,9VDO6,NAVIG8 GRACE,Tanker,,32,183,GPS,7.6,SEBRO,04/09/2026 13:00:00,AIS,147,36,9,23
05/09/2026 02:30:29,Class A,244678000,55.669865,11.056202,Under way using engine,2.2,6.9,104.3,107,9393345,PBLW,THUN GARLAND,Tanker,,15,116,GPS,5.0,DK KAL PEC 321,04/09/2026 15:00:00,AIS,105,11,14,1
05/09/2026 02:30:29,Class A,244678000,55.669865,11.056202,Under way using engine,2.2,6.9,104.3,107,9393345,PBLW,THUN GARLAND,Tanker,,15,116,GPS,5.0,DK KAL PEC 321,04/09/2026 15:00:00,AIS,105,11,14,1
05/09/2026 02:30:37,Class A,244678000,55.669790,11.056695,Under way using engine,2.9,6.9,104.8,107,9393345,PBLW,THUN GARLAND,Tanker,,15,116,GPS,5.0,DK KAL PEC 321,04/09/2026 15:00:00,AIS,105,11,14,1
05/09/2026 02:30:48,Class A,244678000,55.669705,11.057238,Under way using engine,-2.2,6.9,105.9,107,9393345,PBLW,THUN GARLAND,Tanker,,15,116,GPS,5.0,DK KAL PEC 321,04/09/2026 15:00:00,AIS,105,11,14,1
05/09/2026 02:30:48,Class A,244678000,55.669705,11.057238,Under way using engine,-2.2,6.9,105.9,107,9393345,PBLW,THUN GARLAND,Tanker,,15,116,GPS,5.0,DK KAL PEC 321,04/09/2026 15:00:00,AIS,105,11,14,1
05/09/2026 02:30:58,Class A,244678000,55.669613,11.057780,Under way using engine,-2.9,6.8,106.3,107,9393345,PBLW,THUN GARLAND,Tanker,,15,116,GPS,5.0,DK KAL PEC 321,04/09/2026 15:00:00,AIS,105,11,14,1
05/09/2026 02:30:58,Class A,244678000,55.669613,11.057780,Under way using engine,-2.9,6.8,106.3,107,9393345,PBLW,THUN GARLAND,Tanker,,15,116,GPS,5.0,DK KAL PEC 321,04/09/2026 15:00:00,AIS,105,11,14,1
05/09/2026 02:31:08,Class A,244678000,55.669513,11.058370,Under way using engine,-3.6,6.8,106.5,107,9393345,PBLW,THUN GARLAND,Tanker,,15,116,GPS,5.0,DK KAL PEC 321,04/09/2026 15:00:00,AIS,105,11,14,1
05/09/2026 02:31:08,Class A,244678000,55.669513,11.058370,Under way using engine,-3.6,6.8,106.5,107,9393345,PBLW,THUN GARLAND,Tanker,,15,116,GPS,5.0,DK KAL PEC 321,04/09/2026 15:00:00,AIS,105,11,14,1
05/09/2026 02:31:08,Class A,244678000,55.669513,11.058370,Under way using engine,-3.6,6.8,106.5,107,9393345,PBLW,THUN GARLAND,Tanker,,15,116,GPS,5.0,DK KAL PEC 321,04/09/2026 15:00:00,AIS,105,11,14,1
05/09/2026 02:31:18,Class A,244678000,55.669427,11.058900,Under way using engine,0.7,6.7,106.2,106,9393345,PBLW,THUN GARLAND,Tanker,,15,116,GPS,5.0,DK KAL PEC 321,04/09/2026 15:00:00,AIS,105,11,14,1
05/09/2026 02:31:18,Class A,244678000,55.669427,11.058900,Under way using engine,0.7,6.7,106.2,106,9393345,PBLW,THUN GARLAND,Tanker,,15,116,GPS,5.0,DK KAL PEC 321,04/09/2026 15:00:00,AIS,105,11,14,1
05/09/2026 02:31:29,Class A,244678000,55.669343,11.059427,Under way using engine,0.7,6.6,105.6,106,9393345,PBLW,THUN GARLAND,Tanker,,15,116,GPS,5.0,DK KAL PEC 321,04/09/2026 15:00:00,AIS,105,11,14,1
05/09/2026 02:31:29,Class A,244678000,55.669343,11.059427,Under way using engine,0.7,6.6,105.6,106,9393345,PBLW,THUN GARLAND,Tanker,,15,116,GPS,5.0,DK KAL PEC 321,04/09/2026 15:00:00,AIS,105,11,14,1
05/09/2026 02:31:29,Class A,244678000,55.669343,11.059427,Under way using engine,0.7,6.6,105.6,106,9393345,PBLW,THUN GARLAND,Tanker,,15,116,GPS,5.0,DK KAL PEC 321,04/09/2026 15:00:00,AIS,105,11,14,1
05/09/2026 02:31:37,Class A,244678000,55.669272,11.059893,Under way using engine,1.6,6.5,105.2,106,9393345,PBLW,THUN GARLAND,Tanker,,15,116,GPS,5.0,DK KAL PEC 321,04/09/2026 15:00:00,AIS,105,11,14,1
05/09/2026 02:31:48,Class A,244678000,55.669193,11.060412,Under way using engine,2.9,6.4,105.1,107,9393345,PBLW,THUN GARLAND,Tanker,,15,116,GPS,5.0,DK KAL PEC 321,04/09/2026 15:00:00,AIS,105,11,14,1
05/09/2026 02:31:48,Class A,244678000,55.669193,11.060412,Under way using engine,2.9,6.4,105.1,107,9393345,PBLW,THUN GARLAND,Tanker,,15,116,GPS,5.0,DK KAL PEC 321,04/09/2026 15:00:00,AIS,105,11,14,1
05/09/2026 02:31:58,Class A,244678000,55.669115,11.060923,Under way using engine,2.9,6.4,104.9,107,9393345,PBLW,THUN GARLAND,Tanker,,15,116,GPS,5.0,DK KAL PEC 321,04/09/2026 15:00:00,AIS,105,11,14,1
05/09/2026 02:31:58,Class A,244678000,55.669115,11.060923,Under way using engine,2.9,6.4,104.9,107,9393345,PBLW,THUN GARLAND,Tanker,,15,116,GPS,5.0,DK KAL PEC 321,04/09/2026 15:00:00,AIS,105,11,14,1
05/09/2026 02:31:58,Class A,244678000,55.669115,11.060923,Under way using engine,2.9,6.4,104.9,107,9393345,PBLW,THUN GARLAND,Tanker,,15,116,GPS,5.0,DK KAL PEC 321,04/09/2026 15:00:00,AIS,105,11,14,1
05/09/2026 02:32:02,Class A,219022047,55.462085,8.443665,Under way using engine,0.0,0.0,318.5,225,8661020,OUBJ2,FONIKS SUPPORTER,Tanker,No additional information,9,25,GPS,2.0,ESBJERG,24/03/2027 14:00:00,AIS,17,8,5,4
05/09/2026 02:32:08,Class A,244678000,55.669030,11.061483,Under way using engine,1.6,6.3,104.9,107,9393345,PBLW,THUN GARLAND,Tanker,,15,116,GPS,5.0,DK KAL PEC 321,04/09/2026 15:00:00,AIS,105,11,14,1
05/09/2026 02:32:08,Class A,244678000,55.669030,11.061483,Under way using engine,1.6,6.3,104.9,107,9393345,PBLW,THUN GARLAND,Tanker,,15,116,GPS,5.0,DK KAL PEC 321,04/09/2026 15:00:00,AIS,105,11,14,1
05/09/2026 02:32:18,Class A,244678000,55.668947,11.061985,Under way using engine,0.2,6.3,105.8,108,9393345,PBLW,THUN GARLAND,Tanker,,15,116,GPS,5.0,DK KAL PEC 321,04/09/2026 15:00:00,AIS,105,11,14,1
05/09/2026 02:32:18,Class A,244678000,55.668947,11.061985,Under way using engine,0.2,6.3,105.8,108,9393345,PBLW,THUN GARLAND,Tanker,,15,116,GPS,5.0,DK KAL PEC 321,04/09/2026 15:00:00,AIS,105,11,14,1
05/09/2026 02:32:18,Class A,244678000,55.668947,11.061985,Under way using engine,0.2,6.3,105.8,108,9393345,PBLW,THUN GARLAND,Tanker,,15,116,GPS,5.0,DK KAL PEC 321,04/09/2026 15:00:00,AIS,105,11,14,1
05/09/2026 02:32:29,Class A,244678000,55.668865,11.062477,Under way using engine,-0.4,6.2,106.1,108,9393345,PBLW,THUN GARLAND,Tanker,,15,116,GPS,5.0,DK KAL PEC 321,04/09/2026 15:00:00,AIS,105,11,14,1
05/09/2026 02:32:29,Class A,244678000,55.668865,11.062477,Under way using engine,-0.4,6.2,106.1,108,9393345,PBLW,THUN GARLAND,Tanker,,15,116,GPS,5.0,DK KAL PEC 321,04/09/2026 15:00:00,AIS,105,11,14,1
05/09/2026 02:32:37,Class A,244678000,55.668790,11.062918,Under way using engine,0.4,6.2,106.4,107,9393345,PBLW,THUN GARLAND,Tanker,,15,116,GPS,5.0,DK KAL PEC 321,04/09/2026 15:00:00,AIS,105,11,14,1
05/09/2026 02:32:37,Class A,244678000,55.668790,11.062918,Under way using engine,0.4,6.2,106.4,107,9393345,PBLW,THUN GARLAND,Tanker,,15,116,GPS,5.0,DK KAL PEC 321,04/09/2026 15:00:00,AIS,105,11,14,1
05/09/2026 02:32:48,Class A,244678000,55.668712,11.063397,Under way using engine,3.6,6.0,106.4,108,9393345,PBLW,THUN GARLAND,Tanker,,15,116,GPS,5.0,DK KAL PEC 321,04/09/2026 15:00:00,AIS,105,11,14,1
05/09/2026 02:33:08,Class A,255916087,55.556670,9.762638,Moored,0.0,0.0,26.3,300,1025411,CQ2516,CAPTAIN M.KYRIAKOU,Tanker,No additional information,23,150,GPS,6.2,DKFRC,04/09/2026 09:00:00,AIS,123,27,2,21
05/09/2026 02:33:08,Class A,255916087,55.556670,9.762638,Moored,0.0,0.0,26.3,300,1025411,CQ2516,CAPTAIN M.KYRIAKOU,Tanker,No additional information,23,150,GPS,6.2,DKFRC,04/09/2026 09:00:00,AIS,123,27,2,21
05/09/2026 02:33:08,Class A,244678000,55.668548,11.064370,Under way using engine,-2.2,5.8,106.4,108,9393345,PBLW,THUN GARLAND,Tanker,,15,116,GPS,5.0,DK KAL PEC 321,04/09/2026 15:00:00,AIS,105,11,14,1
05/09/2026 02:33:08,Class A,244678000,55.668548,11.064370,Under way using engine,-2.2,5.8,106.4,108,9393345,PBLW,THUN GARLAND,Tanker,,15,116,GPS,5.0,DK KAL PEC 321,04/09/2026 15:00:00,AIS,105,11,14,1
05/09/2026 02:33:08,Class A,244678000,55.668548,11.064370,Under way using engine,-2.2,5.8,106.4,108,9393345,PBLW,THUN GARLAND,Tanker,,15,116,GPS,5.0,DK KAL PEC 321,04/09/2026 15:00:00,AIS,105,11,14,1
05/09/2026 02:33:18,Class A,244678000,55.668472,11.064818,Under way using engine,2.9,5.7,106.6,108,9393345,PBLW,THUN GARLAND,Tanker,,15,116,GPS,5.0,DK KAL PEC 321,04/09/2026 15:00:00,AIS,105,11,14,1
05/09/2026 02:33:25,Class A,563259900,58.199063,11.222402,At anchor,-0.4,0.0,95.5,188,9833656,9VDO6,NAVIG8 GRACE,Tanker,,32,183,GPS,7.6,SEBRO,04/09/2026 13:00:00,AIS,147,36,9,23
05/09/2026 02:33:29,Class A,244678000,55.668400,11.065258,Under way using engine,1.1,5.6,106.6,108,9393345,PBLW,THUN GARLAND,Tanker,,15,116,GPS,5.0,DK KAL PEC 321,04/09/2026 15:00:00,AIS,105,11,14,1
05/09/2026 02:33:29,Class A,244678000,55.668400,11.065258,Under way using engine,1.1,5.6,106.6,108,9393345,PBLW,THUN GARLAND,Tanker,,15,116,GPS,5.0,DK KAL PEC 321,04/09/2026 15:00:00,AIS,105,11,14,1
05/09/2026 02:33:29,Class A,244678000,55.668400,11.065258,Under way using engine,1.1,5.6,106.6,108,9393345,PBLW,THUN GARLAND,Tanker,,15,116,GPS,5.0,DK KAL PEC 321,04/09/2026 15:00:00,AIS,105,11,14,1
05/09/2026 02:33:37,Class A,244678000,55.668335,11.065648,Under way using engine,0.4,5.5,106.6,108,9393345,PBLW,THUN GARLAND,Tanker,,15,116,GPS,5.0,DK KAL PEC 321,04/09/2026 15:00:00,AIS,105,11,14,1
05/09/2026 02:33:37,Class A,244678000,55.668335,11.065648,Under way using engine,0.4,5.5,106.6,108,9393345,PBLW,THUN GARLAND,Tanker,,15,116,GPS,5.0,DK KAL PEC 321,04/09/2026 15:00:00,AIS,105,11,14,1
05/09/2026 02:33:37,Class A,244678000,55.668335,11.065648,Under way using engine,0.4,5.5,106.6,108,9393345,PBLW,THUN GARLAND,Tanker,,15,116,GPS,5.0,DK KAL PEC 321,04/09/2026 15:00:00,AIS,105,11,14,1
05/09/2026 02:33:48,Class A,244678000,55.668265,11.066077,Under way using engine,2.2,5.4,106.4,108,9393345,PBLW,THUN GARLAND,Tanker,,15,116,GPS,5.0,DK KAL PEC 321,04/09/2026 15:00:00,AIS,105,11,14,1
05/09/2026 02:33:48,Class A,244678000,55.668265,11.066077,Under way using engine,2.2,5.4,106.4,108,9393345,PBLW,THUN GARLAND,Tanker,,15,116,GPS,5.0,DK KAL PEC 321,04/09/2026 15:00:00,AIS,105,11,14,1
05/09/2026 02:33:58,Class A,244678000,55.668195,11.066502,Under way using engine,1.6,5.3,106.3,108,9393345,PBLW,THUN GARLAND,Tanker,,15,116,GPS,5.0,DK KAL PEC 321,04/09/2026 15:00:00,AIS,105,11,14,1
05/09/2026 02:33:58,Class A,244678000,55.668195,11.066502,Under way using engine,1.6,5.3,106.3,108,9393345,PBLW,THUN GARLAND,Tanker,,15,116,GPS,5.0,DK KAL PEC 321,04/09/2026 15:00:00,AIS,105,11,14,1
05/09/2026 02:33:58,Class A,244678000,55.668195,11.066502,Under way using engine,1.6,5.3,106.3,108,9393345,PBLW,THUN GARLAND,Tanker,,15,116,GPS,5.0,DK KAL PEC 321,04/09/2026 15:00:00,AIS,105,11,14,1
05/09/2026 02:34:08,Class A,244678000,55.668118,11.066957,Under way using engine,-1.6,5.2,106.7,108,9393345,PBLW,THUN GARLAND,Tanker,,15,116,GPS,5.0,DK KAL PEC 321,04/09/2026 15:00:00,AIS,105,11,14,1
05/09/2026 02:34:08,Class A,244678000,55.668118,11.066957,Under way using engine,-1.6,5.2,106.7,108,9393345,PBLW,THUN GARLAND,Tanker,,15,116,GPS,5.0,DK KAL PEC 321,04/09/2026 15:00:00,AIS,105,11,14,1
05/09/2026 02:34:18,Class A,244678000,55.668045,11.067365,Under way using engine,0.2,5.1,107.2,108,9393345,PBLW,THUN GARLAND,Tanker,,15,116,GPS,5.0,DK KAL PEC 321,04/09/2026 15:00:00,AIS,105,11,14,1
05/09/2026 02:34:18,Class A,244678000,55.668045,11.067365,Under way using engine,0.2,5.1,107.2,108,9393345,PBLW,THUN GARLAND,Tanker,,15,116,GPS,5.0,DK KAL PEC 321,04/09/2026 15:00:00,AIS,105,11,14,1
05/09/2026 02:34:29,Class A,244678000,55.667978,11.067763,Under way using engine,-1.6,5.0,106.6,108,9393345,PBLW,THUN GARLAND,Tanker,,15,116,GPS,5.0,DK KAL PEC 321,04/09/2026 15:00:00,AIS,105,11,14,1
05/09/2026 02:34:29,Class A,244678000,55.667978,11.067763,Under way using engine,-1.6,5.0,106.6,108,9393345,PBLW,THUN GARLAND,Tanker,,15,116,GPS,5.0,DK KAL PEC 321,04/09/2026 15:00:00,AIS,105,11,14,1
05/09/2026 02:34:37,Class A,244678000,55.667917,11.068122,Under way using engine,-2.9,5.0,106.9,107,9393345,PBLW,THUN GARLAND,Tanker,,15,116,GPS,5.0,DK KAL PEC 321,04/09/2026 15:00:00,AIS,105,11,14,1
05/09/2026 02:34:37,Class A,244678000,55.667917,11.068122,Under way using engine,-2.9,5.0,106.9,107,9393345,PBLW,THUN GARLAND,Tanker,,15,116,GPS,5.0,DK KAL PEC 321,04/09/2026 15:00:00,AIS,105,11,14,1
05/09/2026 02:34:48,Class A,244678000,55.667842,11.068515,Under way using engine,-4.5,4.9,107.5,107,9393345,PBLW,THUN GARLAND,Tanker,,15,116,GPS,5.0,DK KAL PEC 321,04/09/2026 15:00:00,AIS,105,11,14,1
05/09/2026 02:34:48,Class A,244678000,55.667842,11.068515,Under way using engine,-4.5,4.9,107.5,107,9393345,PBLW,THUN GARLAND,Tanker,,15,116,GPS,5.0,DK KAL PEC 321,04/09/2026 15:00:00,AIS,105,11,14,1
05/09/2026 02:34:48,Class A,244678000,55.667842,11.068515,Under way using engine,-4.5,4.9,107.5,107,9393345,PBLW,THUN GARLAND,Tanker,,15,116,GPS,5.0,DK KAL PEC 321,04/09/2026 15:00:00,AIS,105,11,14,1
05/09/2026 02:34:58,Class A,244678000,55.667772,11.068903,Under way using engine,-5.4,4.9,107.3,106,9393345,PBLW,THUN GARLAND,Tanker,,15,116,GPS,5.0,DK KAL PEC 321,04/09/2026 15:00:00,AIS,105,11,14,1
05/09/2026 02:35:08,Class A,244678000,55.667700,11.069327,Under way using engine,-4.5,4.8,106.6,105,9393345,PBLW,THUN GARLAND,Tanker,,15,116,GPS,5.0,DK KAL PEC 321,04/09/2026 15:00:00,AIS,105,11,14,1
05/09/2026 02:35:08,Class A,244678000,55.667700,11.069327,Under way using engine,-4.5,4.8,106.6,105,9393345,PBLW,THUN GARLAND,Tanker,,15,116,GPS,5.0,DK KAL PEC 321,04/09/2026 15:00:00,AIS,105,11,14,1
05/09/2026 02:35:12,Class A,219022047,55.462085,8.443663,Under way using engine,0.0,0.1,145.8,230,8661020,OUBJ2,FONIKS SUPPORTER,Tanker,No additional information,9,25,GPS,2.0,ESBJERG,24/03/2027 14:00:00,AIS,17,8,5,4
05/09/2026 02:35:12,Class A,255916087,55.556670,9.762638,Moored,0.0,0.0,26.3,300,1025411,CQ2516,CAPTAIN M.KYRIAKOU,Tanker,No additional information,23,150,GPS,6.2,DKFRC,04/09/2026 09:00:00,AIS,123,27,2,21
05/09/2026 02:35:19,Class A,244678000,55.667640,11.069707,Under way using engine,-4.5,4.8,105.4,104,9393345,PBLW,THUN GARLAND,Tanker,,15,116,GPS,5.0,DK KAL PEC 321,04/09/2026 15:00:00,AIS,105,11,14,1
05/09/2026 02:35:19,Class A,244678000,55.667640,11.069707,Under way using engine,-4.5,4.8,105.4,104,9393345,PBLW,THUN GARLAND,Tanker,,15,116,GPS,5.0,DK KAL PEC 321,04/09/2026 15:00:00,AIS,105,11,14,1
05/09/2026 02:35:29,Class A,244678000,55.667585,11.070090,Under way using engine,-5.4,4.7,104.7,104,9393345,PBLW,THUN GARLAND,Tanker,,15,116,GPS,5.0,DK KAL PEC 321,04/09/2026 15:00:00,AIS,105,11,14,1
05/09/2026 02:35:29,Class A,244678000,55.667585,11.070090,Under way using engine,-5.4,4.7,104.7,104,9393345,PBLW,THUN GARLAND,Tanker,,15,116,GPS,5.0,DK KAL PEC 321,04/09/2026 15:00:00,AIS,105,11,14,1
05/09/2026 02:35:37,Class A,244678000,55.667537,11.070428,Under way using engine,-4.5,4.7,104.3,103,9393345,PBLW,THUN GARLAND,Tanker,,15,116,GPS,5.0,DK KAL PEC 321,04/09/2026 15:00:00,AIS,105,11,14,1
05/09/2026 02:35:48,Class A,244678000,55.667483,11.070803,Under way using engine,-6.4,4.6,103.6,102,9393345,PBLW,THUN GARLAND,Tanker,,15,116,GPS,5.0,DK KAL PEC 321,04/09/2026 15:00:00,AIS,105,11,14,1
05/09/2026 02:35:48,Class A,244678000,55.667483,11.070803,Under way using engine,-6.4,4.6,103.6,102,9393345,PBLW,THUN GARLAND,Tanker,,15,116,GPS,5.0,DK KAL PEC 321,04/09/2026 15:00:00,AIS,105,11,14,1
05/09/2026 02:36:08,Class A,255916087,55.556682,9.762623,Moored,0.0,0.0,26.3,300,1025411,CQ2516,CAPTAIN M.KYRIAKOU,Tanker,No additional information,23,150,GPS,6.2,DKFRC,04/09/2026 09:00:00,AIS,123,27,2,21
05/09/2026 02:36:08,Class A,255916087,55.556682,9.762623,Moored,0.0,0.0,26.3,300,1025411,CQ2516,CAPTAIN M.KYRIAKOU,Tanker,No additional information,23,150,GPS,6.2,DKFRC,04/09/2026 09:00:00,AIS,123,27,2,21
05/09/2026 02:36:08,Class A,244678000,55.667387,11.071583,Under way using engine,-2.9,4.5,101.7,101,9393345,PBLW,THUN GARLAND,Tanker,,15,116,GPS,5.0,DK KAL PEC 321,04/09/2026 15:00:00,AIS,105,11,14,1
05/09/2026 02:36:19,Class A,244678000,55.667350,11.071947,Under way using engine,0.0,4.5,100.1,100,9393345,PBLW,THUN GARLAND,Tanker,,15,116,GPS,5.0,DK KAL PEC 321,04/09/2026 15:00:00,AIS,105,11,14,1
05/09/2026 02:36:29,Class A,244678000,55.667313,11.072312,Under way using engine,-0.4,4.5,99.7,100,9393345,PBLW,THUN GARLAND,Tanker,,15,116,GPS,5.0,DK KAL PEC 321,04/09/2026 15:00:00,AIS,105,11,14,1
05/09/2026 02:36:48,Class A,244678000,55.667252,11.073007,Under way using engine,-2.2,4.4,99.0,100,9393345,PBLW,THUN GARLAND,Tanker,,15,116,GPS,5.0,DK KAL PEC 321,04/09/2026 15:00:00,AIS,105,11,14,1
05/09/2026 02:36:49,Class A,563259900,58.199063,11.222402,At anchor,-0.4,0.0,95.5,188,9833656,9VDO6,NAVIG8 GRACE,Tanker,,32,183,GPS,7.6,SEBRO,04/09/2026 13:00:00,AIS,147,36,9,23
05/09/2026 02:36:58,Class A,244678000,55.667220,11.073368,Under way using engine,-6.4,4.4,99.2,99,9393345,PBLW,THUN GARLAND,Tanker,,15,116,GPS,5.0,DK KAL PEC 321,04/09/2026 15:00:00,AIS,105,11,14,1
05/09/2026 02:37:08,Class A,244678000,55.667178,11.073765,Under way using engine,-4.5,4.4,99.5,99,9393345,PBLW,THUN GARLAND,Tanker,,15,116,GPS,5.0,DK KAL PEC 321,04/09/2026 15:00:00,AIS,105,11,14,1
05/09/2026 02:37:29,Class A,244678000,55.667110,11.074482,Under way using engine,-5.4,4.3,98.8,97,9393345,PBLW,THUN GARLAND,Tanker,,15,116,GPS,5.0,DK KAL PEC 321,04/09/2026 15:00:00,AIS,105,11,14,1
05/09/2026 02:37:29,Class A,244678000,55.667110,11.074482,Under way using engine,-5.4,4.3,98.8,97,9393345,PBLW,THUN GARLAND,Tanker,,15,116,GPS,5.0,DK KAL PEC 321,04/09/2026 15:00:00,AIS,105,11,14,1
05/09/2026 02:37:48,Class A,244678000,55.667052,11.075157,Under way using engine,-3.6,4.3,97.6,96,9393345,PBLW,THUN GARLAND,Tanker,,15,116,GPS,5.0,DK KAL PEC 321,04/09/2026 15:00:00,AIS,105,11,14,1
05/09/2026 02:37:48,Class A,244678000,55.667052,11.075157,Under way using engine,-3.6,4.3,97.6,96,9393345,PBLW,THUN GARLAND,Tanker,,15,116,GPS,5.0,DK KAL PEC 321,04/09/2026 15:00:00,AIS,105,11,14,1
05/09/2026 02:37:59,Class A,244678000,55.667022,11.075552,Under way using engine,-3.6,4.3,96.9,95,9393345,PBLW,THUN GARLAND,Tanker,,15,116,GPS,5.0,DK KAL PEC 321,04/09/2026 15:00:00,AIS,105,11,14,1
05/09/2026 02:37:59,Class A,244678000,55.667022,11.075552,Under way using engine,-3.6,4.3,96.9,95,9393345,PBLW,THUN GARLAND,Tanker,,15,116,GPS,5.0,DK KAL PEC 321,04/09/2026 15:00:00,AIS,105,11,14,1
05/09/2026 02:38:08,Class A,244678000,55.666998,11.075903,Under way using engine,-4.5,4.2,96.8,95,9393345,PBLW,THUN GARLAND,Tanker,,15,116,GPS,5.0,DK KAL PEC 321,04/09/2026 15:00:00,AIS,105,11,14,1
05/09/2026 02:38:08,Class A,244678000,55.666998,11.075903,Under way using engine,-4.5,4.2,96.8,95,9393345,PBLW,THUN GARLAND,Tanker,,15,116,GPS,5.0,DK KAL PEC 321,04/09/2026 15:00:00,AIS,105,11,14,1
05/09/2026 02:38:19,Class A,244678000,55.666977,11.076252,Under way using engine,-2.9,4.2,96.5,94,9393345,PBLW,THUN GARLAND,Tanker,,15,116,GPS,5.0,DK KAL PEC 321,04/09/2026 15:00:00,AIS,105,11,14,1
05/09/2026 02:38:29,Class A,244678000,55.666962,11.076597,Under way using engine,-2.9,4.2,95.9,94,9393345,PBLW,THUN GARLAND,Tanker,,15,116,GPS,5.0,DK KAL PEC 321,04/09/2026 15:00:00,AIS,105,11,14,1
05/09/2026 02:38:29,Class A,244678000,55.666962,11.076597,Under way using engine,-2.9,4.2,95.9,94,9393345,PBLW,THUN GARLAND,Tanker,,15,116,GPS,5.0,DK KAL PEC 321,04/09/2026 15:00:00,AIS,105,11,14,1
05/09/2026 02:38:37,Class A,244678000,55.666950,11.076907,Under way using engine,0.2,4.2,95.2,94,9393345,PBLW,THUN GARLAND,Tanker,,15,116,GPS,5.0,DK KAL PEC 321,04/09/2026 15:00:00,AIS,105,11,14,1
05/09/2026 02:38:37,Class A,244678000,55.666950,11.076907,Under way using engine,0.2,4.2,95.2,94,9393345,PBLW,THUN GARLAND,Tanker,,15,116,GPS,5.0,DK KAL PEC 321,04/09/2026 15:00:00,AIS,105,11,14,1
05/09/2026 02:38:48,Class A,244678000,55.666937,11.077288,Under way using engine,-2.9,4.2,94.5,93,9393345,PBLW,THUN GARLAND,Tanker,,15,116,GPS,5.0,DK KAL PEC 321,04/09/2026 15:00:00,AIS,105,11,14,1
05/09/2026 02:38:48,Class A,244678000,55.666937,11.077288,Under way using engine,-2.9,4.2,94.5,93,9393345,PBLW,THUN GARLAND,Tanker,,15,116,GPS,5.0,DK KAL PEC 321,04/09/2026 15:00:00,AIS,105,11,14,1
05/09/2026 02:38:59,Class A,244678000,55.666920,11.077637,Under way using engine,-3.6,4.2,94.8,93,9393345,PBLW,THUN GARLAND,Tanker,,15,116,GPS,5.0,DK KAL PEC 321,04/09/2026 15:00:00,AIS,105,11,14,1
05/09/2026 02:38:59,Class A,244678000,55.666920,11.077637,Under way using engine,-3.6,4.2,94.8,93,9393345,PBLW,THUN GARLAND,Tanker,,15,116,GPS,5.0,DK KAL PEC 321,04/09/2026 15:00:00,AIS,105,11,14,1
05/09/2026 02:38:59,Class A,244678000,55.666920,11.077637,Under way using engine,-3.6,4.2,94.8,93,9393345,PBLW,THUN GARLAND,Tanker,,15,116,GPS,5.0,DK KAL PEC 321,04/09/2026 15:00:00,AIS,105,11,14,1
05/09/2026 02:39:08,Class A,244678000,55.666907,11.077980,Under way using engine,-2.2,4.2,94.5,93,9393345,PBLW,THUN GARLAND,Tanker,,15,116,GPS,5.0,DK KAL PEC 321,04/09/2026 15:00:00,AIS,105,11,14,1
05/09/2026 02:39:08,Class A,255916087,55.556690,9.762645,Moored,0.0,0.0,26.3,300,1025411,CQ2516,CAPTAIN M.KYRIAKOU,Tanker,No additional information,23,150,GPS,6.2,DKFRC,04/09/2026 09:00:00,AIS,123,27,2,21
05/09/2026 02:39:08,Class A,255916087,55.556690,9.762645,Moored,0.0,0.0,26.3,300,1025411,CQ2516,CAPTAIN M.KYRIAKOU,Tanker,No additional information,23,150,GPS,6.2,DKFRC,04/09/2026 09:00:00,AIS,123,27,2,21
05/09/2026 02:39:23,Class A,219022047,55.462085,8.443665,Under way using engine,0.0,0.0,28.1,233,8661020,OUBJ2,FONIKS SUPPORTER,Tanker,No additional information,9,25,GPS,2.0,ESBJERG,24/03/2027 14:00:00,AIS,17,8,5,4
05/09/2026 02:39:27,Class A,563259900,58.198995,11.222835,At anchor,0.4,0.1,143.8,198,9833656,9VDO6,NAVIG8 GRACE,Tanker,,32,183,GPS,7.6,SEBRO,04/09/2026 13:00:00,AIS,147,36,9,23
05/09/2026 02:39:29,Class A,244678000,55.666888,11.078672,Under way using engine,-1.1,4.1,92.7,92,9393345,PBLW,THUN GARLAND,Tanker,,15,116,GPS,5.0,DK KAL PEC 321,04/09/2026 15:00:00,AIS,105,11,14,1
05/09/2026 02:39:29,Class A,244678000,55.666888,11.078672,Under way using engine,-1.1,4.1,92.7,92,9393345,PBLW,THUN GARLAND,Tanker,,15,116,GPS,5.0,DK KAL PEC 321,04/09/2026 15:00:00,AIS,105,11,14,1
05/09/2026 02:39:38,Class A,244678000,55.666885,11.078980,Under way using engine,-0.4,4.1,92.3,92,9393345,PBLW,THUN GARLAND,Tanker,,15,116,GPS,5.0,DK KAL PEC 321,04/09/2026 15:00:00,AIS,105,11,14,1
05/09/2026 02:39:38,Class A,244678000,55.666885,11.078980,Under way using engine,-0.4,4.1,92.3,92,9393345,PBLW,THUN GARLAND,Tanker,,15,116,GPS,5.0,DK KAL PEC 321,04/09/2026 15:00:00,AIS,105,11,14,1
05/09/2026 02:39:48,Class A,244678000,55.666878,11.079358,Under way using engine,0.7,4.1,91.9,92,9393345,PBLW,THUN GARLAND,Tanker,,15,116,GPS,5.0,DK KAL PEC 321,04/09/2026 15:00:00,AIS,105,11,14,1
